Station Name: DELPHI LODGE II
Station Height: 35 M 
Latitude:53.626  ,Longitude: -9.742


date: -   09 to 09 utc
rain: -   Precipitation Amount (mm)
maxt: -   Maximum Temperature (C)
mint: -   Minimum Temperature (C)
gmin: -   09utc Grass Minimum Temperature (C)
soil: -   10cm Soil Temperature (C)
ind:  -	  Indicator

date,ind,rain,ind,maxt,ind,mint,gmin,soil
01-jan-1994,0,19.100,0,9.1,4, ,-2.5, 
02-jan-1994,0,7.900,0,9.4,4, ,2.4, 
03-jan-1994,0,5.700,0,7.0,4, ,2.3, 
04-jan-1994,0,12.300,0,9.2,4, ,-0.9, 
05-jan-1994,0,6.400,0,5.2,0,3.3,0.4, 
06-jan-1994,0,6.900,0,6.5,1,-2.2,-6.0, 
07-jan-1994,0,2.100,0,6.8,0,3.6,2.0, 
08-jan-1994,0,8.500,0,9.9,0,0.3,-3.7, 
09-jan-1994,0,27.600,0,11.7,0,0.8,-2.6, 
10-jan-1994,0,13.200,0,9.0,0,5.5,5.0, 
11-jan-1994,0,18.500,0,10.5,0,5.2,4.0, 
12-jan-1994,0,13.400,0,8.9,0,3.9,2.2, 
13-jan-1994,0,9.400,0,9.4,0,5.2,2.8, 
14-jan-1994,0,3.400,0,9.0,0,5.0,4.4, 
15-jan-1994,0,0.200,0,7.0,0,2.5,0.0, 
16-jan-1994,0,0.700,0,6.3,0,3.7,1.0, 
17-jan-1994,0,7.700,0,9.4,0,1.5,-1.5, 
18-jan-1994,0,19.700,0,11.0,0,1.2,-1.8, 
19-jan-1994,0,11.100,0,10.5,0,1.5,0.0, 
20-jan-1994,0,2.400,0,11.3,0,3.7,0.5, 
21-jan-1994,0,2.200,0,10.5,0,8.9,8.0, 
22-jan-1994,0,11.200,0,11.5,0,6.0,4.0, 
23-jan-1994,0,2.900,0,10.3,0,5.5,3.5, 
24-jan-1994,0,25.800,0,11.4,0,4.4,3.3, 
25-jan-1994,0,7.600,0,9.2,0,5.7,5.8, 
26-jan-1994,0,11.200,0,11.0,0,4.8,2.0, 
27-jan-1994,0,14.100,0,7.8,0,4.3,2.0, 
28-jan-1994,0,11.100,0,11.2,0,2.5,-0.6, 
29-jan-1994,0,6.000,0,11.0,0,2.0,0.0, 
30-jan-1994,0,3.000,0,8.7,0,5.5,3.0, 
31-jan-1994,0,60.800,0,10.3,0,5.2,3.0, 
01-feb-1994,0,9.800,0,8.7,0,5.7,4.4, 
02-feb-1994,0,13.100,0,7.1,0,2.2,-0.1, 
03-feb-1994,0,25.700,0,8.0,0,3.4,2.0, 
04-feb-1994,0,13.500,0,9.0,0,4.4,3.4, 
05-feb-1994,0,19.500,0,8.0,0,3.4,2.1, 
06-feb-1994,0,2.800,0,6.8,0,3.9,2.0, 
07-feb-1994,0,15.900,0,9.7,0,2.2,-0.8, 
08-feb-1994,0,2.200,0,10.2,0,3.4,1.6, 
09-feb-1994,0,0.100,0,8.7,0,4.9,2.0, 
10-feb-1994,0,3.700,0,9.8,1,-0.2,-3.5, 
11-feb-1994,0,0.100,0,10.4,0,4.6,3.5, 
12-feb-1994,0,0.000,0,10.8,0,5.3,5.0, 
13-feb-1994,0,0.000,0,7.3,0,5.5,6.1, 
14-feb-1994,0,0.300,0,1.7,1,-1.1,-2.5, 
15-feb-1994,0,0.000,0,2.2,1,-1.0,-1.2, 
16-feb-1994,0,0.000,0,6.6,1,-4.2,-8.1, 
17-feb-1994,0,10.900,0,8.5,1,-1.6,-5.1, 
18-feb-1994,0,4.600,0,11.6,0,5.2,3.2, 
19-feb-1994,0,35.200,0,8.8,0,5.2,1.0, 
20-feb-1994,0,1.400,0,6.0,0,5.2,3.8, 
21-feb-1994,4,0.000,0,4.5,0,1.3,-0.5, 
22-feb-1994,0,17.800,0,4.2,0,0.9,-0.1, 
23-feb-1994,0,0.100,0,5.9,0,0.9,-0.1, 
24-feb-1994,0,15.200,0,6.5,0,2.1,0.6, 
25-feb-1994,0,20.900,0,10.9,0,3.6,2.5, 
26-feb-1994,0,14.800,0,11.1,0,5.8,2.6, 
27-feb-1994,0,1.500,0,6.0,0,4.6,4.5, 
28-feb-1994,0,0.300,0,7.2,0,4.5,4.0, 
01-mar-1994,0,8.100,0,9.4,0,1.5,-1.0, 
02-mar-1994,0,17.300,0,11.2,2,4.0,3.9, 
03-mar-1994,0,5.700,0,11.4,0,4.7,2.1, 
04-mar-1994,0,34.000,0,11.2,0,6.0,4.2, 
05-mar-1994,0,3.900,0,9.3,0,4.4,2.0, 
06-mar-1994,0,8.200,0,11.0,0,5.5,3.9, 
07-mar-1994,0,33.800,0,11.8,0,8.9,8.1, 
08-mar-1994,0,4.300,2,11.5,0,9.9,9.8, 
09-mar-1994,0,3.100,0,11.1,0,5.0,3.9, 
10-mar-1994,0,9.900,0,9.6,0,1.8,0.0, 
11-mar-1994,0,5.800,0,7.5,0,4.8,2.0, 
12-mar-1994,0,18.500,0,10.2,0,3.5,0.8, 
13-mar-1994,0,2.800,0,11.9,0,5.0,4.5, 
14-mar-1994,0,13.000,2,11.9,0,6.2,5.1, 
15-mar-1994,0,11.000,0,8.0,0,5.2,3.3, 
16-mar-1994,0,5.200,0,7.5,0,3.6,0.7, 
17-mar-1994,0,15.300,0,8.8,0,3.2,-0.1, 
18-mar-1994,0,10.400,0,9.3,0,5.7,4.5, 
19-mar-1994,4,0.000,0,8.4,0,2.7,-1.1, 
20-mar-1994,0,5.500,0,7.6,0,0.5,-3.6, 
21-mar-1994,0,20.400,0,11.8,0,4.2,0.9, 
22-mar-1994,0,10.700,0,12.4,0,7.2,7.0, 
23-mar-1994,0,9.400,0,10.2,0,9.6,9.1, 
24-mar-1994,0,3.300,0,10.5,0,5.6,3.0, 
25-mar-1994,4,0.000,0,10.4,0,6.8,5.8, 
26-mar-1994,0,13.300,0,10.9,0,1.2,0.3, 
27-mar-1994,0,11.300,2,10.8,0,5.9,6.4, 
28-mar-1994,0,4.100,0,12.5,0,7.2,5.2, 
29-mar-1994,0,7.700,0,11.3,0,5.5,2.9, 
30-mar-1994,0,35.500,2,10.8,0,6.6,4.8, 
31-mar-1994,0,9.400,0,8.8,0,3.6,2.2, 
01-apr-1994,0,10.000,2,7.4,0,4.3,3.0, 
02-apr-1994,0,14.500,0,10.6,0,2.1,0.1, 
03-apr-1994,0,21.700,0,10.8,0,2.9,0.9, 
04-apr-1994,0,10.300,0,7.0,0,2.1,0.0, 
05-apr-1994,0,8.700,0,7.8,0,1.5,0.3, 
06-apr-1994,0,5.500,0,10.5,0,4.3,2.0, 
07-apr-1994,0,19.300,0,9.2,0,5.4,2.8, 
08-apr-1994,0,8.300,0,7.2,0,5.4,2.5, 
09-apr-1994,0,2.400,0,9.5,0,2.8,0.3, 
10-apr-1994,0,2.500,0,12.5,0,4.5,3.5, 
11-apr-1994,0,10.000,0,10.0,0,7.4,5.7, 
12-apr-1994,0,0.200,0,10.1,0,3.7,3.1, 
13-apr-1994,0,0.000,0,11.0,0,3.9,-0.7, 
14-apr-1994,0,0.000,0,12.6,0,3.3,-1.4, 
15-apr-1994,0,0.000,2,11.5,0,6.4,2.4, 
16-apr-1994,0,0.000,0,14.5,0,1.5,-1.9, 
17-apr-1994,0,0.500,0,14.8,0,1.5,-2.0, 
18-apr-1994,0,11.900,0,11.8,0,5.5,2.0, 
19-apr-1994,0,4.900,0,11.0,0,7.4, , 
20-apr-1994,0,8.400,0,8.9,0,5.8,3.2, 
21-apr-1994,0,6.200,4, ,0,5.6,4.5, 
22-apr-1994,0,32.900,0,10.5,0,3.8,2.1, 
23-apr-1994,0,3.000,0,12.0,0,4.4, , 
24-apr-1994,0,20.300,0,9.8,0,7.6,4.5, 
25-apr-1994,0,3.200,0,11.4,0,3.2,1.2, 
26-apr-1994,0,3.000,0,12.8,0,7.2, , 
27-apr-1994,0,16.500,0,12.8,0,7.2,4.2, 
28-apr-1994,0,14.900,0,12.4,0,10.6,10.6, 
29-apr-1994,0,3.700,0,12.8,0,9.7,9.2, 
30-apr-1994,0,5.000,0,15.1,0,6.2,2.6, 
01-may-1994,0,8.600,0,16.1,0,8.5,5.0, 
02-may-1994,0,42.100,0,12.9,0,4.7, , 
03-may-1994,0,17.500,0,10.6,0,7.8,7.9, 
04-may-1994,0,9.800,0,12.3,0,7.4,5.8, 
05-may-1994,0,3.600,0,13.5,0,7.5,6.4, 
06-may-1994,0,8.300,0,12.6,0,6.5,3.6, 
07-may-1994,0,2.000,0,11.1,0,4.9,2.5, 
08-may-1994,0,0.500,0,12.5,0,5.9,5.6, 
09-may-1994,0,9.200,0,12.6,0,2.4,-0.5, 
10-may-1994,0,12.600,2,12.5,0,8.2,7.1, 
11-may-1994,0,3.600,0,14.8,0,8.0,4.8, 
12-may-1994,0,0.300,0,16.5,0,9.9,8.5, 
13-may-1994,0,0.000,0,17.6,0,9.0,5.0, 
14-may-1994,0,1.900,0,20.0,0,10.0, , 
15-may-1994,0,2.300,0,10.0,0,8.9,8.2, 
16-may-1994,4,0.000,0,11.3,0,8.7,6.9, 
17-may-1994,4,0.000,0,14.7,0,7.1,6.5, 
18-may-1994,0,0.000,0,12.7,0,2.9,-1.3, 
19-may-1994,0,0.000,0,12.1,0,6.2,2.9, 
20-may-1994,0,0.000,0,15.1,0,6.7,4.9, 
21-may-1994,0,0.000,0,15.6,0,7.1,3.0, 
22-may-1994,0,0.300,0,16.0,0,7.5,3.9, 
23-may-1994,0,0.500,0,14.6,0,7.2,2.8, 
24-may-1994,0,12.200,0,14.5,0,9.5,9.3, 
25-may-1994,0,2.700,0,15.3,0,10.2, , 
26-may-1994,0,0.000,0,17.1,0,9.7,6.5, 
27-may-1994,0,1.400,0,15.2,0,5.5,1.5, 
28-may-1994,4,0.000,0,15.1,0,6.2,2.5, 
29-may-1994,0,0.600,0,14.8,0,8.2, , 
30-may-1994,0,0.000,0,15.8,0,4.1,1.5, 
31-may-1994,0,0.000,4, ,0,10.0, , 
01-jun-1994,0,0.300,4, ,4, , , 
02-jun-1994,0,20.800,0,13.1,0,7.2,3.9, 
03-jun-1994,0,6.600,0,13.5,0,8.8,9.0, 
04-jun-1994,0,3.000,0,13.0,0,6.0,2.8, 
05-jun-1994,0,15.100,0,14.1,0,6.5,3.8, 
06-jun-1994,0,1.000,0,14.0,0,8.6,4.5, 
07-jun-1994,0,3.500,0,14.0,0,8.6,4.5, 
08-jun-1994,0,1.100,4, ,0,6.9,5.0, 
09-jun-1994,0,0.000,0,14.2,0,9.4,7.6, 
10-jun-1994,0,0.000,0,15.1,0,9.3,8.6, 
11-jun-1994,0,0.000,0,14.0,0,10.8,10.0, 
12-jun-1994,0,0.000,0,17.7,0,10.8,10.0, 
13-jun-1994,0,0.000,0,17.8,0,6.0,5.5, 
14-jun-1994,0,0.000,0,15.0,0,9.9,7.8, 
15-jun-1994,0,0.000,0,15.4,0,10.0,7.7, 
16-jun-1994,4,0.000,0,15.5,0,10.6,11.0, 
17-jun-1994,0,2.400,0,12.8,0,10.1,8.5, 
18-jun-1994,0,20.000,0,13.6,0,11.0,11.3, 
19-jun-1994,0,8.000,0,14.6,0,12.4,12.4, 
20-jun-1994,0,15.400,0,13.0,0,10.2,10.0, 
21-jun-1994,0,4.900,0,13.8,0,9.9,10.0, 
22-jun-1994,4,0.000,0,13.8,0,10.4,9.9, 
23-jun-1994,0,7.900,0,16.0,0,9.2,9.0, 
24-jun-1994,0,5.100,0,15.6,0,13.0,11.1, 
25-jun-1994,0,18.200,4, ,0,10.1,9.8, 
26-jun-1994,0,5.200,0,15.0,0,10.9,8.9, 
27-jun-1994,0,17.300,0,18.7,2,13.1,12.0, 
28-jun-1994,0,14.300,0,15.3,0,13.2,12.0, 
29-jun-1994,0,0.500,0,17.2,0,11.0,9.5, 
30-jun-1994,0,0.000,0,18.1,0,11.7,11.0, 
01-jul-1994,4,0.000,0,19.8,0,11.2,10.0, 
02-jul-1994,0,10.300,0,15.3,0,10.4,10.2, 
03-jul-1994,0,0.000,0,19.0,0,11.9,11.2, 
04-jul-1994,0,1.500,0,18.8,0,10.2,9.2, 
05-jul-1994,0,20.000,0,14.8,0,12.0,11.3, 
06-jul-1994,4,0.000,4, ,0,10.5,11.1, 
07-jul-1994,0,2.600,0,16.6,0,9.9,8.2, 
08-jul-1994,0,14.500,0,18.0,0,10.6,10.1, 
09-jul-1994,0,15.800,0,15.7,0,12.2,12.0, 
10-jul-1994,0,1.600,0,17.3,0,11.9,11.6, 
11-jul-1994,0,2.400,0,17.6,0,13.2,13.1, 
12-jul-1994,4,0.000,0,18.5,0,12.4,11.5, 
13-jul-1994,0,0.900,0,18.2,0,7.8,6.0, 
14-jul-1994,0,11.300,0,16.6,0,13.0,12.1, 
15-jul-1994,4,0.000,0,16.2,0,11.1,11.0, 
16-jul-1994,4,0.000,0,17.6,0,11.6,11.6, 
17-jul-1994,0,0.000,0,20.5,0,8.7,8.3, 
18-jul-1994,0,0.000,0,20.8,0,12.0,11.0, 
19-jul-1994,0,0.800,0,19.0,0,11.3,11.6, 
20-jul-1994,0,4.200,0,17.9,0,13.7,14.3, 
21-jul-1994,4,0.000,0,18.0,0,11.4,11.2, 
22-jul-1994,0,0.000,0,18.2,4, ,11.5, 
23-jul-1994,0,1.100,0,18.5,4, ,11.6, 
24-jul-1994,0,1.200,0,18.9,4, ,11.8, 
25-jul-1994,0,14.400,0,17.5,0,14.2,13.0, 
26-jul-1994,0,1.600,0,18.0,0,12.0,11.6, 
27-jul-1994,0,0.500,0,17.7,0,11.7,11.7, 
28-jul-1994,0,0.000,0,18.1,0,12.5,11.0, 
29-jul-1994,0,24.800,0,17.0,0,12.7,11.5, 
30-jul-1994,0,25.000,0,17.5,0,14.4,13.5, 
31-jul-1994,0,3.100,0,19.2,2,15.0,14.5, 
01-aug-1994,0,8.700,0,20.5,0,15.5,15.1, 
02-aug-1994,0,3.900,0,19.9,0,14.0,13.6, 
03-aug-1994,0,24.000,0,21.8,0,14.5, , 
04-aug-1994,0,5.200,0,19.5,0,15.2,15.2, 
05-aug-1994,0,0.000,2,15.5,0,11.4,11.2, 
06-aug-1994,0,0.600,4, ,0,12.5,11.0, 
07-aug-1994,0,0.400,0,19.6,4, , , 
08-aug-1994,0,0.000,0,23.0,4, ,12.8, 
09-aug-1994,0,0.000,0,19.8,4, ,12.0, 
10-aug-1994,0,0.000,0,19.4,4, ,12.4, 
11-aug-1994,0,0.200,0,17.5,0,11.4,9.0, 
12-aug-1994,0,0.000,0,16.2,0,11.9,10.8, 
13-aug-1994,0,0.000,0,15.5,0,8.1,5.1, 
14-aug-1994,0,1.300,4, ,0,10.0,8.6, 
15-aug-1994,0,16.100,4, ,0,12.9,12.5, 
16-aug-1994,0,11.400,4, ,0,11.9,10.9, 
17-aug-1994,0,14.400,4, ,0,10.6,8.9, 
18-aug-1994,0,2.900,0,16.4,0,11.9,11.0, 
19-aug-1994,0,1.100,0,16.6,0,12.4,9.8, 
20-aug-1994,0,1.400,0,15.5,0,11.5,9.4, 
21-aug-1994,0,2.200,0,19.0,0,7.5,4.8, 
22-aug-1994,0,18.900,0,19.5,0,12.0,12.0, 
23-aug-1994,0,35.900,0,14.8,0,11.9,9.6, 
24-aug-1994,0,16.300,0,14.6,0,12.2,11.5, 
25-aug-1994,0,6.800,0,16.5,0,12.5,11.5, 
26-aug-1994,0,4.600,0,15.9,2,8.4,7.4, 
27-aug-1994,0,6.800,0,15.1,0,10.0,7.4, 
28-aug-1994,0,14.500,0,14.5,0,10.4,8.4, 
29-aug-1994,0,1.000,0,15.7,0,11.4,10.5, 
30-aug-1994,0,0.200,0,15.8,0,8.0,5.6, 
31-aug-1994,0,0.200,0,19.6,0,9.6,5.6, 
01-sep-1994,0,0.000,0,19.5,0,7.5,4.6, 
02-sep-1994,0,2.700,0,17.2,0,9.0,5.8, 
03-sep-1994,0,5.700,0,16.5,0,13.8,13.7, 
04-sep-1994,0,1.600,0,16.3,0,12.6,11.5, 
05-sep-1994,0,13.600,0,15.8,0,9.8,8.0, 
06-sep-1994,0,9.500,0,15.2,0,10.6,9.4, 
07-sep-1994,0,2.300,0,15.8,0,9.8,7.7, 
08-sep-1994,1,7.700,0,15.1,0,9.4,8.5, 
09-sep-1994,1,12.700,0,13.3,0,9.5,8.6, 
10-sep-1994,0,5.000,0,14.9,0,9.8,8.5, 
11-sep-1994,0,1.800,0,17.0,0,11.4,10.2, 
12-sep-1994,0,10.000,0,15.2,0,10.8,10.1, 
13-sep-1994,4,0.000,0,15.7,0,6.5,5.0, 
14-sep-1994,0,1.400,0,12.8,0,9.4,8.0, 
15-sep-1994,0,3.800,0,13.0,0,7.5,4.5, 
16-sep-1994,0,0.300,0,13.9,0,9.2,6.8, 
17-sep-1994,0,2.100,0,15.5,0,8.0,5.9, 
18-sep-1994,0,9.000,0,14.4,0,6.0,3.0, 
19-sep-1994,0,5.200,0,14.0,0,11.4,10.4, 
20-sep-1994,0,4.500,0,13.5,0,10.5,9.8, 
21-sep-1994,4,0.000,0,18.9,0,11.7,9.5, 
22-sep-1994,0,0.000,0,18.4,0,7.0,4.5, 
23-sep-1994,4,0.000,0,19.3,0,7.5,5.4, 
24-sep-1994,0,0.000,0,14.9,0,11.0,9.5, 
25-sep-1994,0,1.300,0,16.9,0,11.9,9.7, 
26-sep-1994,0,1.100,0,14.2,0,9.1,7.0, 
27-sep-1994,0,2.000,0,14.1,0,10.2,7.0, 
28-sep-1994,0,1.200,0,14.2,0,12.0,11.2, 
29-sep-1994,0,5.000,0,13.9,0,12.1,11.5, 
30-sep-1994,0,30.500,0,14.8,0,12.9,12.4, 
01-oct-1994,0,2.300,0,15.0,0,12.8,12.6, 
02-oct-1994,0,5.000,0,13.5,0,10.6,10.5, 
03-oct-1994,0,0.000,0,10.5,0,8.5,6.8, 
04-oct-1994,0,0.000,0,12.0,0,1.3,-0.5, 
05-oct-1994,0,0.000,0,13.8,0,4.2,3.0, 
06-oct-1994,0,13.300,0,13.6,0,9.0,6.8, 
07-oct-1994,0,1.200,0,15.9,0,12.9,11.0, 
08-oct-1994,0,0.000,0,14.6,0,8.1,5.4, 
09-oct-1994,0,0.000,0,16.7,0,9.0,6.5, 
10-oct-1994,0,0.000,0,18.0,0,8.2,5.8, 
11-oct-1994,0,0.000,0,16.8,0,6.9,5.0, 
12-oct-1994,0,0.000,0,14.6,0,8.0,5.5, 
13-oct-1994,0,0.000,0,17.6,0,9.0,6.1, 
14-oct-1994,0,0.700,0,16.1,2,10.4,8.9, 
15-oct-1994,0,0.000,0,17.2,0,11.1,9.5, 
16-oct-1994,0,1.500,0,16.4,0,10.0,7.5, 
17-oct-1994,0,1.900,0,14.2,0,10.0,10.0, 
18-oct-1994,0,4.800,0,13.1,0,11.1,9.8, 
19-oct-1994,0,6.800,0,15.5,0,10.7,8.8, 
20-oct-1994,0,2.100,0,15.2,0,11.4,9.4, 
21-oct-1994,0,2.200,0,14.0,0,11.5,9.1, 
22-oct-1994,0,2.500,0,14.0,0,4.7,2.4, 
23-oct-1994,0,8.700,0,11.8,2,6.0,5.9, 
24-oct-1994,0,15.200,0,11.9,0,7.9,5.9, 
25-oct-1994,0,43.000,0,11.0,0,7.8,6.5, 
26-oct-1994,0,9.800,0,10.5,0,8.1,6.7, 
27-oct-1994,0,2.800,0,12.2,0,6.8,5.5, 
28-oct-1994,0,3.000,0,10.8,0,5.5,4.3, 
29-oct-1994,0,12.600,0,12.8,0,6.8,5.2, 
30-oct-1994,0,16.200,0,12.9,0,9.7,9.2, 
31-oct-1994,0,4.100,0,12.0,0,9.5,7.1, 
01-nov-1994,0,2.400,0,11.8,0,7.9,5.4, 
02-nov-1994,0,15.000,0,11.2,0,7.5,5.3, 
03-nov-1994,0,16.000,0,14.6,0,9.0,5.2, 
04-nov-1994,0,21.500,0,11.8,0,9.5,5.8, 
05-nov-1994,0,5.000,0,13.0,0,9.4,6.9, 
06-nov-1994,0,3.300,0,13.6,0,7.2,6.5, 
07-nov-1994,0,7.100,0,13.2,0,8.2,7.1, 
08-nov-1994,0,6.400,0,13.2,0,11.0,9.1, 
09-nov-1994,0,0.000,0,12.0,0,6.2,4.5, 
10-nov-1994,0,0.000,0,11.7,0,4.9,2.0, 
11-nov-1994,0,12.500,0,12.1,0,4.0,2.0, 
12-nov-1994,0,64.000,0,14.6,0,8.1,7.1, 
13-nov-1994,0,6.900,0,13.6,0,10.5,9.0, 
14-nov-1994,0,10.400,0,13.5,0,11.9,9.1, 
15-nov-1994,0,3.900,0,11.4,0,9.6,7.6, 
16-nov-1994,0,4.900,0,11.7,0,8.4,3.9, 
17-nov-1994,0,3.700,0,12.4,0,7.8,5.2, 
18-nov-1994,0,15.800,0,14.9,0,9.8,9.5, 
19-nov-1994,0,6.500,0,12.6,0,10.8,9.5, 
20-nov-1994,0,0.100,0,12.4,0,9.1,8.1, 
21-nov-1994,0,3.700,0,13.3,0,8.4,6.0, 
22-nov-1994,0,4.200,0,14.6,0,10.6,9.0, 
23-nov-1994,0,3.900,0,14.6,0,11.8,10.9, 
24-nov-1994,0,2.300,0,13.6,0,4.1,2.1, 
25-nov-1994,0,0.600,0,13.8,0,7.4,7.7, 
26-nov-1994,0,5.200,0,12.7,0,11.5,9.4, 
27-nov-1994,0,0.000,0,12.8,0,8.0,6.1, 
28-nov-1994,0,0.100,0,11.0,0,6.4,4.5, 
29-nov-1994,0,2.400,0,12.0,0,5.5,3.6, 
30-nov-1994,0,0.100,0,13.4,0,8.5,7.0, 
01-dec-1994,0,1.600,0,14.9,0,10.6, , 
02-dec-1994,0,32.200,0,14.6,0,11.6, , 
03-dec-1994,0,9.000,0,10.7,0,7.4, , 
04-dec-1994,0,14.000,0,10.2,0,4.0, , 
05-dec-1994,0,16.800,0,10.4,0,2.8, , 
06-dec-1994,0,24.600,0,10.0,0,4.0, , 
07-dec-1994,0,18.000,0,7.4,0,1.8, , 
08-dec-1994,0,7.400,0,8.9,0,2.8, , 
09-dec-1994,0,15.200,0,14.6,0,5.0, , 
10-dec-1994,0,12.300,0,14.8,0,7.4, , 
11-dec-1994,0,24.000,0,13.8,0,13.0, , 
12-dec-1994,0,17.900,2,11.3,0,11.0, , 
13-dec-1994,0,0.000,0,8.2,0,5.2, , 
14-dec-1994,0,1.100,0,9.6,0,0.2, , 
15-dec-1994,0,4.400,0,10.2,0,0.4, , 
16-dec-1994,0,19.100,0,13.0,0,3.5, , 
17-dec-1994,0,2.600,0,9.0,0,2.4, , 
18-dec-1994,0,13.300,0,8.5,0,4.4, , 
19-dec-1994,0,3.400,0,8.0,0,3.0, , 
20-dec-1994,0,4.900,0,8.6,0,4.6, , 
21-dec-1994,0,0.100,0,8.0,0,3.1, , 
22-dec-1994,0,13.200,0,10.2,0,3.0, , 
23-dec-1994,0,26.400,0,11.5,0,6.2, , 
24-dec-1994,0,11.300,0,10.4,0,8.3, , 
25-dec-1994,0,22.000,0,10.6,0,6.8, , 
26-dec-1994,0,11.300,0,10.8,0,4.6, , 
27-dec-1994,0,26.500,0,13.7,0,5.5, , 
28-dec-1994,0,14.300,0,12.5,0,6.5, , 
29-dec-1994,0,11.500,0,9.6,0,5.8, , 
30-dec-1994,0,11.800,0,8.7,0,6.5, , 
31-dec-1994,0,4.500,0,6.7,0,1.8, , 
01-jan-1995,0,1.900,0,7.1,0,2.0, , 
02-jan-1995,0,2.000,0,7.0,4, , , 
03-jan-1995,0,16.800,0,8.5,4, , , 
04-jan-1995,0,11.300,0,11.8,0,6.0,4.0, 
05-jan-1995,0,6.100,0,9.3,0,6.5,5.9, 
06-jan-1995,0,4.100,0,12.8,0,5.8,2.9, 
07-jan-1995,0,3.900,0,12.4,0,6.9,3.9, 
08-jan-1995,0,1.100,0,10.4,0,5.7,2.9, 
09-jan-1995,0,10.000,0,11.1,0,7.7,4.0, 
10-jan-1995,0,14.200,0,12.1,0,9.4,8.3, 
11-jan-1995,0,0.100,0,8.5,0,7.2,5.6, 
12-jan-1995,0,2.400,0,9.7,0,1.0,-1.0, 
13-jan-1995,0,3.600,0,11.7,0,1.8,0.0, 
14-jan-1995,0,13.000,0,11.1,0,8.4,7.0, 
15-jan-1995,0,48.800,0,11.5,0,3.5,1.0, 
16-jan-1995,0,8.000,0,6.2,0,4.0,3.1, 
17-jan-1995,0,29.600,0,7.9,0,3.1,-0.5,0.0
18-jan-1995,0,10.500,0,4.1,0,1.5,-0.5, 
19-jan-1995,0,15.800,0,5.2,0,1.0,-0.5, 
20-jan-1995,0,27.300,0,6.6,0,0.9,-0.6, 
21-jan-1995,0,7.800,0,7.0,0,2.0,0.0, 
22-jan-1995,0,4.900,0,8.1,0,1.6,-0.3, 
23-jan-1995,0,3.500,0,8.2,0,2.1,-1.0, 
24-jan-1995,0,0.100,0,7.0,0,5.1,1.5, 
25-jan-1995,0,15.000,0,4.5,0,3.0,-0.5, 
26-jan-1995,0,26.000,0,6.5,0,1.9,-0.8, 
27-jan-1995,0,15.000,0,11.8,0,1.4,-1.0, 
28-jan-1995,0,30.500,0,10.0,0,4.5,3.5, 
29-jan-1995,0,1.000,0,6.7,0,5.9,5.2, 
30-jan-1995,0,33.100,0,12.1,1,-0.3,-3.0, 
31-jan-1995,0,1.300,0,10.0,0,4.1,2.0, 
01-feb-1995,0,1.000,0,8.9,0,6.8,3.2, 
02-feb-1995,0,44.000,0,11.0,0,0.7,-3.0, 
03-feb-1995,0,0.500,0,11.5,2,2.5,1.0, 
04-feb-1995,0,3.500,0,11.9,0,9.8,6.9, 
05-feb-1995,0,0.300,0,11.9,0,8.5,7.0, 
06-feb-1995,0,0.100,0,12.1,0,10.3,8.8, 
07-feb-1995,0,0.200,0,10.2,0,9.3,8.0, 
08-feb-1995,0,0.300,0,6.2,0,3.9,2.5, 
09-feb-1995,0,17.200,0,9.0,0,2.5,1.8, 
10-feb-1995,0,15.300,0,11.0,0,5.3,4.3, 
11-feb-1995,0,19.100,2,11.3,0,6.3,4.8, 
12-feb-1995,0,4.600,0,10.5,0,6.6,4.9, 
13-feb-1995,0,11.900,0,9.5,0,6.6,3.2, 
14-feb-1995,0,14.700,0,12.1,0,2.9,1.5, 
15-feb-1995,0,14.500,0,8.5,0,4.9,3.8, 
16-feb-1995,0,23.400,0,7.9,0,3.9,1.1, 
17-feb-1995,0,8.000,0,8.5,0,3.8,1.6, 
18-feb-1995,0,24.200,0,9.6,0,4.5,2.1, 
19-feb-1995,0,14.400,0,7.2,0,4.5,2.4, 
20-feb-1995,0,3.800,0,7.4,0,3.4,1.4, 
21-feb-1995,0,10.000,0,9.6,0,2.6,-0.1, 
22-feb-1995,0,9.200,0,7.6,0,5.1,3.6, 
23-feb-1995,0,7.400,0,8.9,0,1.7,0.1, 
24-feb-1995,0,8.000,0,9.5,0,4.4,3.9, 
25-feb-1995,0,6.000,0,7.0,0,3.2,0.2, 
26-feb-1995,0,12.100,0,10.5,0,1.9,-0.1, 
27-feb-1995,0,10.000,0,11.5,0,3.1,0.9, 
28-feb-1995,0,17.400,0,11.0,0,9.0,8.8, 
01-mar-1995,0,11.700,0,3.6,0,1.6,-0.8, 
02-mar-1995,0,7.200,0,4.4,0,0.2,-1.9, 
03-mar-1995,0,7.000,0,5.4,0,0.0,-3.1, 
04-mar-1995,0,16.800,0,8.3,0,0.5,-2.5, 
05-mar-1995,0,9.400,0,7.2,0,4.2,2.6, 
06-mar-1995,0,15.400,0,5.6,0,2.0,0.1, 
07-mar-1995,0,9.000,0,6.8,0,0.6,-0.5, 
08-mar-1995,0,0.300,0,8.2,0,1.0,-0.5, 
09-mar-1995,0,37.300,0,10.1,0,2.5,-1.0, 
10-mar-1995,0,4.900,0,10.7,0,3.9,2.9, 
11-mar-1995,0,0.200,0,10.2,0,4.1,0.4, 
12-mar-1995,0,0.100,0,12.3,0,5.1,2.5, 
13-mar-1995,0,7.100,0,10.5,0,9.4,1.5, 
14-mar-1995,0,11.200,0,8.7,0,5.8,3.0, 
15-mar-1995,0,8.600,0,6.9,0,1.2,0.1, 
16-mar-1995,0,4.400,0,9.1,0,3.4,1.0, 
17-mar-1995,0,5.100,0,8.4,0,4.0,2.1, 
18-mar-1995,0,7.900,0,7.9,0,3.6,0.8, 
19-mar-1995,0,3.300,0,8.0,0,2.6,0.0, 
20-mar-1995,0,0.300,0,7.8,0,2.5,1.0, 
21-mar-1995,0,0.000,0,10.8,0,3.0,-0.5, 
22-mar-1995,0,0.000,0,10.9,0,6.9,5.8, 
23-mar-1995,0,8.500,0,10.0,0,7.6,6.5, 
24-mar-1995,0,6.700,2,10.8,0,6.9,4.5, 
25-mar-1995,0,0.700,0,11.2,0,8.3,7.0, 
26-mar-1995,0,9.800,0,10.0,0,8.2,7.1, 
27-mar-1995,0,38.800,0,11.2,0,4.8,2.4, 
28-mar-1995,0,1.400,2,10.5,0,3.5,2.4, 
29-mar-1995,0,1.900,0,10.9,0,3.4,0.4, 
30-mar-1995,0,3.300,0,11.7,2,5.4,4.4, 
31-mar-1995,0,2.800,0,12.3,0,9.7,9.4, 
01-apr-1995,0,0.100,0,14.7,0,9.1,7.2, 
02-apr-1995,0,0.000,0,13.9,0,7.8,4.0, 
03-apr-1995,0,2.300,0,11.8,0,9.0,8.2, 
04-apr-1995,0,10.600,0,11.6,0,9.1,8.4, 
05-apr-1995,0,9.200,0,11.5,0,9.6,8.9, 
06-apr-1995,0,0.600,0,13.8,0,8.2,6.4, 
07-apr-1995,4,0.000,0,12.7,0,9.2,9.0, 
08-apr-1995,0,0.000,0,12.5,0,7.4,5.9, 
09-apr-1995,0,0.000,0,12.5,0,7.1,2.5, 
10-apr-1995,0,0.600,0,11.2,0,9.0,8.1, 
11-apr-1995,0,0.100,0,12.0,0,8.0,7.4, 
12-apr-1995,0,0.000,0,12.9,0,2.9,-1.0, 
13-apr-1995,0,0.000,0,16.3,0,4.5,1.5, 
14-apr-1995,0,0.000,0,14.2,0,3.7,0.5, 
15-apr-1995,0,0.000,0,13.0,0,8.2,7.0, 
16-apr-1995,0,12.400,0,11.6,0,7.4,5.0, 
17-apr-1995,0,10.800,0,11.8,0,8.5, , 
18-apr-1995,0,2.900,0,8.7,0,3.0,0.9, 
19-apr-1995,0,3.400,0,8.0,0,2.3,0.1, 
20-apr-1995,0,0.400,0,9.1,0,2.0,-1.0, 
21-apr-1995,0,1.900,0,10.2,0,2.8,-0.5, 
22-apr-1995,0,7.300,0,12.4,0,3.9,0.5, 
23-apr-1995,0,4.000,0,11.6,0,4.9,1.5, 
24-apr-1995,0,2.400,0,14.3,0,6.1,2.9, 
25-apr-1995,0,0.000,0,19.8,0,7.5,6.7, 
26-apr-1995,0,0.000,0,18.5,2,5.0,2.5, 
27-apr-1995,0,0.000,0,14.1,0,6.5,4.1, 
28-apr-1995,0,8.100,0,10.8,0,5.1,3.0, 
29-apr-1995,0,0.200,0,14.0,0,7.4,7.3, 
30-apr-1995,0,5.800,0,14.8,0,9.6,7.4, 
01-may-1995,0,7.300,0,13.8,0,10.4,7.9, 
02-may-1995,0,0.100,0,16.0,0,11.0,10.5, 
03-may-1995,0,0.400,0,20.8,0,10.9,8.5, 
04-may-1995,0,0.000,0,16.0,0,11.0,10.5, 
05-may-1995,0,0.000,0,20.5,0,6.5,5.2, 
06-may-1995,0,0.100,0,20.1,0,13.0,11.4, 
07-may-1995,0,0.300,0,12.7,0,10.9,10.5, 
08-may-1995,0,0.000,0,12.6,0,8.5,8.4, 
09-may-1995,0,2.300,0,13.8,0,7.8,6.8, 
10-may-1995,0,11.300,0,9.0,0,5.5,5.5, 
11-may-1995,0,1.500,0,12.6,0,6.5,5.1, 
12-may-1995,0,2.100,0,9.4,0,4.0,3.5, 
13-may-1995,0,0.200,0,11.2,0,3.9,2.6, 
14-may-1995,0,1.400,0,12.2,0,3.0,2.0, 
15-may-1995,0,1.100,0,12.0,0,5.3,4.1, 
16-may-1995,0,2.600,0,10.3,0,5.5,4.3, 
17-may-1995,0,0.600,0,12.0,0,5.9,3.2, 
18-may-1995,0,1.700,0,10.9,0,2.8,1.6, 
19-may-1995,0,0.200,0,12.3,0,7.6,6.0, 
20-may-1995,0,4.800,0,13.6,0,9.0,7.5, 
21-may-1995,0,5.700,0,11.8,0,10.1,9.0, 
22-may-1995,0,2.000,0,13.2,0,10.4,9.5, 
23-may-1995,0,2.100,0,14.5,0,10.6,9.4, 
24-may-1995,0,10.500,0,15.0,0,10.4,9.5, 
25-may-1995,0,1.100,0,14.8,0,9.4,9.5, 
26-may-1995,0,20.100,0,15.6,0,10.1,7.6, 
27-may-1995,0,23.700,0,14.7,0,11.3,10.4, 
28-may-1995,0,7.800,0,13.2,0,7.2,4.5, 
29-may-1995,0,6.000,0,13.2,0,10.6,10.0, 
30-may-1995,0,1.000,0,12.3,0,9.6,8.1, 
31-may-1995,0,0.500,0,12.6,0,9.0,8.4, 
01-jun-1995,0,0.200,0,15.0,0,9.0,8.2, 
02-jun-1995,0,34.900,0,14.1,0,9.5,9.4, 
03-jun-1995,0,1.600,0,13.3,0,11.0,9.0, 
04-jun-1995,0,0.100,0,14.5,0,9.1,6.5, 
05-jun-1995,0,1.000,0,14.7,0,10.5,10.4, 
06-jun-1995,0,7.300,0,16.1,0,12.0,11.5, 
07-jun-1995,0,0.400,0,15.7,0,11.6,11.4, 
08-jun-1995,0,0.300,0,12.7,0,8.8, , 
09-jun-1995,0,1.000,0,16.4,0,9.9,7.8, 
10-jun-1995,0,0.500,0,14.3,0,11.1,11.1, 
11-jun-1995,0,0.000,0,14.8,0,10.4,8.8, 
12-jun-1995,0,0.000,0,18.4,0,7.6,4.0, 
13-jun-1995,0,0.000,0,20.4,0,6.2,2.1, 
14-jun-1995,0,0.000,0,21.0,0,7.8,3.8, 
15-jun-1995,0,0.000,0,16.1,0,10.0,8.0, 
16-jun-1995,0,13.300,0,14.6,0,10.7,9.5, 
17-jun-1995,0,0.200,0,15.0,0,11.3,10.9, 
18-jun-1995,0,10.400,0,15.6,0,11.1,7.1, 
19-jun-1995,0,19.300,0,15.0,0,12.9,12.0, 
20-jun-1995,0,0.000,0,16.0,0,10.7,8.5, 
21-jun-1995,0,0.000,0,19.0,0,7.9,3.8, 
22-jun-1995,0,0.000,0,22.6,0,8.8,4.5, 
23-jun-1995,0,0.000,0,25.5,0,10.0,5.9, 
24-jun-1995,0,0.000,0,25.8,0,10.2,6.0, 
25-jun-1995,0,0.000,0,26.0,0,12.1,8.6, 
26-jun-1995,0,0.000,0,27.0,0,15.8,11.6, 
27-jun-1995,0,0.000,0,27.5,0,15.0,11.5, 
28-jun-1995,0,0.000,0,27.7,0,13.5,8.2, 
29-jun-1995,0,0.000,0,27.6,0,14.5,10.0, 
30-jun-1995,0,0.000,0,27.8,0,14.1,12.7, 
01-jul-1995,0,0.000,0,21.9,0,13.5,12.5, 
02-jul-1995,0,0.500,0,15.5,0,12.3,13.5, 
03-jul-1995,0,0.700,0,17.0,0,11.2,10.0, 
04-jul-1995,4,0.000,0,17.0,0,12.5,11.9, 
05-jul-1995,0,10.100,0,16.9,0,13.0,12.1, 
06-jul-1995,0,4.400,0,16.5,0,14.0,14.2, 
07-jul-1995,0,0.000,0,16.9,0,12.0,11.8, 
08-jul-1995,0,0.500,0,19.1,0,7.5,6.8, 
09-jul-1995,0,3.300,0,24.6,0,12.4,14.6, 
10-jul-1995,0,0.700,0,21.6,0,18.1,15.5, 
11-jul-1995,0,1.400,0,21.6,0,15.7,13.1, 
12-jul-1995,0,1.200,0,21.2,0,11.8,8.1, 
13-jul-1995,0,9.700,0,19.4,0,15.3,12.6, 
14-jul-1995,0,3.000,0,20.1,0,14.8,11.5, 
15-jul-1995,0,0.200,0,18.0,0,10.4,6.5, 
16-jul-1995,0,5.100,0,17.4,0,14.0,12.6, 
17-jul-1995,0,30.500,0,18.0,0,14.2,12.4, 
18-jul-1995,0,4.600,0,19.9,0,15.0,14.6, 
19-jul-1995,0,41.300,0,18.9,0,15.6,14.6, 
20-jul-1995,0,0.800,0,19.0,0,16.4,16.0, 
21-jul-1995,0,0.800,0,16.4,0,11.7,8.9, 
22-jul-1995,0,10.500,0,17.6,0,11.9,9.5, 
23-jul-1995,0,8.800,0,18.2,0,13.9,13.2, 
24-jul-1995,0,0.000,0,24.4,0,14.1,13.3, 
25-jul-1995,0,0.000,0,26.0,2,11.0,10.6, 
26-jul-1995,0,0.000,0,26.8,0,15.5,12.1, 
27-jul-1995,0,9.000,0,20.1,0,16.1,13.4, 
28-jul-1995,0,8.700,0,19.0,0,16.7,16.5, 
29-jul-1995,0,3.400,0,21.0,0,17.4,16.5, 
30-jul-1995,4,0.000,0,21.0,0,16.0,15.4, 
31-jul-1995,4,0.000,0,20.8,0,14.8,12.2, 
01-aug-1995,0,23.000,0,27.0,0,15.1,14.1, 
02-aug-1995,0,0.000,0,27.9,0,17.6,15.3, 
03-aug-1995,0,0.000,0,27.3,0,19.0,15.3, 
04-aug-1995,0,0.000,0,27.9,2,14.9,12.2, 
05-aug-1995,0,0.000,0,26.2,0,15.5,11.2, 
06-aug-1995,0,0.000,0,24.3,0,13.9,10.3, 
07-aug-1995,0,0.000,0,23.0,0,14.3,10.5, 
08-aug-1995,0,0.000,0,23.5,0,12.1,8.1, 
09-aug-1995,0,0.000,0,22.6,0,14.0,10.3, 
10-aug-1995,4,0.000,0,24.6,0,14.3,9.8, 
11-aug-1995,0,7.000,0,19.6,0,17.5,14.0, 
12-aug-1995,0,2.800,0,19.4,0,15.4,13.8, 
13-aug-1995,4,0.000,0,17.8,0,14.5,11.2, 
14-aug-1995,0,0.200,0,19.8,0,15.0,12.5, 
15-aug-1995,0,0.000,0,21.8,0,13.8,10.1, 
16-aug-1995,0,0.000,0,23.9,0,15.1,11.1, 
17-aug-1995,0,2.300,0,26.0,0,12.2,7.5, 
18-aug-1995,4,0.000,0,25.5,0,15.2,10.9, 
19-aug-1995,0,0.100,0,24.6,0,15.1,10.3, 
20-aug-1995,0,0.700,0,23.8,0,13.9,9.9, 
21-aug-1995,0,4.100,0,20.7,0,13.9,9.5, 
22-aug-1995,0,0.700,0,21.0,0,15.5,14.6, 
23-aug-1995,0,5.300,0,18.5,0,13.1,13.9, 
24-aug-1995,0,4.200,0,18.7,0,14.6,13.5, 
25-aug-1995,0,11.600,0,18.3,0,16.2,13.6, 
26-aug-1995,0,0.500,0,18.2,0,14.1,9.9, 
27-aug-1995,0,0.600,0,16.2,0,12.0,10.0, 
28-aug-1995,0,3.000,0,18.6,0,12.4,9.9, 
29-aug-1995,4,0.000,0,20.9,0,12.4,9.9, 
30-aug-1995,0,0.000,0,20.9,0,10.1,6.0, 
31-aug-1995,0,0.000,0,18.6,0,10.6,5.9, 
01-sep-1995,0,2.400,0,18.7,0,11.5,6.5, 
02-sep-1995,0,6.100,0,17.2,0,11.9,9.0, 
03-sep-1995,0,4.000,0,16.8,0,11.0,8.1, 
04-sep-1995,0,4.400,0,17.0,0,11.0,7.6, 
05-sep-1995,4,0.000,0,18.0,0,11.1,7.6, 
06-sep-1995,0,0.000,0,16.4,0,8.2,5.0, 
07-sep-1995,0,0.000,0,19.1,0,13.1,10.5, 
08-sep-1995,0,15.200,0,17.1,0,12.9,10.4, 
09-sep-1995,4,0.000,0,18.0,0,13.0,11.9, 
10-sep-1995,0,5.000,0,18.2,0,9.3,6.5, 
11-sep-1995,0,4.600,0,17.5,0,8.0,4.7, 
12-sep-1995,4,0.000,0,17.8,0,6.4,3.9, 
13-sep-1995,0,9.000,0,18.3,0,11.5,10.5, 
14-sep-1995,4,0.000,0,16.2,0,12.4,11.3, 
15-sep-1995,4,0.000,0,19.0,0,9.2,6.6, 
16-sep-1995,0,0.000,0,18.9,0,7.6,4.6, 
17-sep-1995,0,0.000,0,17.5,0,9.9,6.9, 
18-sep-1995,0,0.000,0,19.8,0,8.8,5.7, 
19-sep-1995,0,0.000,0,19.2,0,12.0,9.0, 
20-sep-1995,0,0.700,0,17.5,0,6.8,4.3, 
21-sep-1995,0,9.800,0,17.4,0,12.7,10.7, 
22-sep-1995,4,0.000,0,16.7,0,12.1,10.9, 
23-sep-1995,0,24.800,0,15.8,0,11.9,9.4, 
24-sep-1995,0,1.900,0,16.0,0,9.4,6.5, 
25-sep-1995,0,26.500,0,16.5,0,9.4,6.6, 
26-sep-1995,0,4.100,0,15.2,0,12.4,9.5, 
27-sep-1995,0,7.100,0,12.8,0,9.0,5.9, 
28-sep-1995,0,0.600,0,14.3,0,8.6,5.9, 
29-sep-1995,0,3.900,0,15.9,0,5.0,1.8, 
30-sep-1995,0,20.400,0,16.1,0,10.3,8.6, 
01-oct-1995,0,9.100,0,16.1,0,10.2,6.6, 
02-oct-1995,0,24.400,0,15.8,0,10.2,8.8, 
03-oct-1995,0,23.500,0,16.0,0,11.0,8.3, 
04-oct-1995,0,11.000,0,15.9,0,11.7,9.3, 
05-oct-1995,0,34.400,0,15.9,0,9.6,7.5, 
06-oct-1995,0,5.600,0,15.3,0,9.7,9.0, 
07-oct-1995,0,7.200,0,18.0,0,10.2,7.8, 
08-oct-1995,0,2.700,0,17.8,0,11.5,11.2, 
09-oct-1995,0,10.300,0,14.7,0,11.3,9.2, 
10-oct-1995,4,0.000,0,14.4,0,10.5,7.5, 
11-oct-1995,0,15.600,0,15.6,0,9.8,6.4, 
12-oct-1995,0,10.100,0,15.3,0,10.1,8.8, 
13-oct-1995,4,0.000,0,18.1,0,11.5,9.6, 
14-oct-1995,0,14.500,0,16.2,0,14.4,11.8, 
15-oct-1995,0,5.800,0,16.4,0,12.7,11.5, 
16-oct-1995,0,29.500,0,16.8,0,12.7,11.4, 
17-oct-1995,0,1.600,0,13.0,0,11.6,10.8, 
18-oct-1995,0,0.800,0,14.5,0,9.8,6.2, 
19-oct-1995,0,8.600,0,14.4,0,11.9,9.8, 
20-oct-1995,4,0.000,0,14.8,0,10.8,7.7, 
21-oct-1995,0,21.600,0,14.8,0,7.6, , 
22-oct-1995,0,39.800,0,14.8,0,9.6,7.9, 
23-oct-1995,0,33.200,0,16.2,0,8.7,8.4, 
24-oct-1995,0,24.300,0,11.5,0,8.7,9.7, 
25-oct-1995,0,40.400,0,14.3,0,7.4,4.4, 
26-oct-1995,0,4.400,0,11.7,0,8.5,6.0, 
27-oct-1995,0,1.200,0,11.8,0,7.5,8.3, 
28-oct-1995,0,5.500,0,10.9,0,4.0,-0.1, 
29-oct-1995,0,0.200,0,15.4,0,6.2,6.1, 
30-oct-1995,0,3.600,0,16.2,0,10.3,8.2, 
31-oct-1995,4,0.000,2,17.9,0,12.7,9.2, 
01-nov-1995,4,0.000,0,13.1,0,9.4,6.2, 
02-nov-1995,0,0.000,0,13.2,0,9.7,6.8, 
03-nov-1995,0,0.000,0,13.5,2,2.8,1.5, 
04-nov-1995,0,0.000,0,13.5,2,4.0,3.0, 
05-nov-1995,0,2.500,0,12.8,0,11.2,9.9, 
06-nov-1995,0,3.400,0,13.9,0,9.2,7.2, 
07-nov-1995,0,1.800,0,14.2,0,11.9,10.7, 
08-nov-1995,0,7.000,0,13.2,0,12.4,11.1, 
09-nov-1995,0,7.500,0,10.7,0,2.6,-0.4, 
10-nov-1995,0,5.200,0,8.7,0,0.1,-1.5, 
11-nov-1995,0,19.000,0,13.2,0,0.9,-1.2, 
12-nov-1995,0,1.200,0,14.7,0,8.3,6.4, 
13-nov-1995,0,0.600,0,13.6,0,11.5,7.0, 
14-nov-1995,0,27.500,0,12.6,2,7.7,4.5, 
15-nov-1995,0,2.400,0,10.3,0,9.4,7.5, 
16-nov-1995,0,0.600,0,7.9,0,5.4,3.0, 
17-nov-1995,0,0.000,0,8.1,1,-0.1,-2.2, 
18-nov-1995,0,0.000,0,8.7,1,-1.1,-3.8, 
19-nov-1995,0,1.300,0,10.5,1,-0.9,-3.0, 
20-nov-1995,0,24.800,0,14.0,1,-0.5,-1.5, 
21-nov-1995,0,6.600,0,12.7,0,10.2,8.5, 
22-nov-1995,0,5.700,0,13.5,0,8.8,5.5, 
23-nov-1995,0,38.300,0,13.6,0,9.1,6.4, 
24-nov-1995,0,47.100,0,10.7,0,10.4,9.5, 
25-nov-1995,0,34.500,0,6.6,0,2.8,-0.2, 
26-nov-1995,0,8.200,0,8.3,0,3.0,0.5, 
27-nov-1995,0,0.500,0,9.2,0,4.5,3.6, 
28-nov-1995,0,4.500,0,10.5,0,4.9,1.8, 
29-nov-1995,0,18.500,0,11.5,0,6.0,4.6, 
30-nov-1995,0,2.700,0,11.8,0,8.5,6.5, 
01-dec-1995,0,3.300,0,13.3,0,9.2,6.6, 
02-dec-1995,0,15.000,0,14.0,0,10.5,8.0, 
03-dec-1995,0,0.300,0,11.3,0,7.8,4.3, 
04-dec-1995,4,0.000,0,10.0,0,5.0,0.9, 
05-dec-1995,4,0.000,0,7.1,0,5.5,1.2, 
06-dec-1995,4,0.000,0,4.1,0,1.2,-3.0, 
07-dec-1995,0,0.000,0,4.3,0,2.2,-2.0, 
08-dec-1995,0,0.000,0,6.5,0,0.7,-3.5, 
09-dec-1995,0,0.000,0,10.3,0,1.2,-2.0, 
10-dec-1995,0,0.000,0,10.8,0,6.4,0.9, 
11-dec-1995,0,0.000,0,8.3,0,3.6,-0.5, 
12-dec-1995,0,0.000,0,10.9,1,-0.2,-3.8, 
13-dec-1995,0,0.000,0,8.7,2,4.0,2.8, 
14-dec-1995,0,0.000,0,6.5,0,4.3,0.9, 
15-dec-1995,0,0.000,0,5.8,0,3.9,1.4, 
16-dec-1995,0,5.500,0,8.1,0,3.8,1.3, 
17-dec-1995,0,1.200,0,8.0,0,5.4,3.5, 
18-dec-1995,0,0.000,0,7.8,0,5.8,4.6, 
19-dec-1995,0,0.400,0,6.2,0,4.0,0.0, 
20-dec-1995,0,7.700,2,5.0,0,1.1,-0.7, 
21-dec-1995,0,12.200,0,12.1,0,1.2,-0.8, 
22-dec-1995,0,3.900,0,11.2,0,2.2,2.2, 
23-dec-1995,0,1.100,0,5.0,0,4.4,2.1, 
24-dec-1995,0,5.700,0,4.3,1,-0.9,-3.7, 
25-dec-1995,0,4.700,0,3.8,0,0.5,-2.8, 
26-dec-1995,0,0.000,0,4.2,1,-2.5,-6.5, 
27-dec-1995,0,0.000,2,2.5,1,-3.0,-5.5, 
28-dec-1995,0,0.000,0,3.7,3,-4.0,-4.5, 
29-dec-1995,0,5.200,0,3.5,3,-3.0,-3.5, 
30-dec-1995,0,10.200,2,3.4,3,-1.6,-2.3, 
31-dec-1995,0,5.900,0,10.0,2,1.0,0.8, 
01-jan-1996,0,2.600,0,12.9,0,6.8,6.0, 
02-jan-1996,0,9.000,0,13.0,0,6.8,2.0, 
03-jan-1996,0,13.500,0,12.8,0,8.4,7.1, 
04-jan-1996,0,11.700,0,9.8,0,5.5,1.2, 
05-jan-1996,0,21.400,0,10.2,0,5.5,2.0, 
06-jan-1996,0,30.500,0,11.0,0,7.0,3.9, 
07-jan-1996,0,18.500,0,11.0,0,8.8,6.9, 
08-jan-1996,0,14.700,0,12.8,0,6.2,3.6, 
09-jan-1996,0,3.100,0,10.3,0,8.7,6.7, 
10-jan-1996,0,8.200,0,8.9,0,4.9,-1.0, 
11-jan-1996,0,6.100,0,10.7,0,5.2,1.1, 
12-jan-1996,0,7.700,0,10.2,0,7.3,5.3, 
13-jan-1996,0,15.200,0,12.3,0,6.1,3.1, 
14-jan-1996,0,18.700,0,11.9,0,7.6,5.5, 
15-jan-1996,0,0.300,0,9.8,0,9.0,6.5, 
16-jan-1996,0,5.000,0,10.6,0,6.7,4.3, 
17-jan-1996,0,0.800,0,11.1,0,8.0,6.1, 
18-jan-1996,0,13.300,0,10.0,0,9.8,8.0, 
19-jan-1996,0,1.100,0,7.9,0,4.6,3.4, 
20-jan-1996,0,0.000,0,10.2,0,4.8,2.1, 
21-jan-1996,0,0.000,0,6.4,0,4.6,2.0, 
22-jan-1996,0,0.200,0,7.9,0,3.0,0.5, 
23-jan-1996,0,0.000,0,7.4,0,3.1,0.4, 
24-jan-1996,0,0.000,0,5.7,0,1.7,-0.3, 
25-jan-1996,0,0.000,0,4.0,0,2.2,0.5, 
26-jan-1996,0,0.000,0,2.8,1,-0.2,-2.0, 
27-jan-1996,0,0.000,0,3.9,0,0.5,-2.1, 
28-jan-1996,0,0.000,0,5.3,1,-1.6,-4.9, 
29-jan-1996,0,0.000,0,3.5,0,0.4,-3.6, 
30-jan-1996,4,0.000,0,3.5,0,0.8,-1.8, 
31-jan-1996,0,0.000,0,5.0,0,2.1,-0.5, 
01-feb-1996,0,0.000,0,6.7,0,0.9,-2.1, 
02-feb-1996,0,0.000,0,3.6,0,0.9,-1.5, 
03-feb-1996,0,0.000,0,6.7,0,1.5,1.1, 
04-feb-1996,0,30.600,0,8.0,0,1.4,-3.5, 
05-feb-1996,0,8.400,0,7.8,2,2.0,0.5, 
06-feb-1996,0,1.100,0,8.1,0,2.9,-0.2, 
07-feb-1996,0,11.000,0,6.2,0,2.0,-2.0, 
08-feb-1996,0,44.600,0,9.0,0,1.0,-1.0, 
09-feb-1996,0,18.900,0,9.1,2,2.4,1.0, 
10-feb-1996,0,21.300,0,9.1,2,7.5,6.4, 
11-feb-1996,0,25.400,0,9.3,2,8.2,6.0, 
12-feb-1996,0,2.400,0,10.0,0,5.0,1.7, 
13-feb-1996,4,0.000,0,7.8,0,4.1,1.5, 
14-feb-1996,4,0.000,0,9.5,0,0.5,-1.5, 
15-feb-1996,0,5.100,0,10.2,2,1.0,-1.2, 
16-feb-1996,0,0.100,0,9.4,0,8.3,5.5, 
17-feb-1996,0,24.800,0,10.6,0,8.1,5.6, 
18-feb-1996,0,9.100,0,8.0,0,6.3,4.8, 
19-feb-1996,0,2.800,0,7.2,0,3.9,1.0, 
20-feb-1996,0,0.000,0,5.5,0,2.0,-2.0, 
21-feb-1996,0,7.300,0,9.4,1,-2.5,-8.0, 
22-feb-1996,0,8.300,0,9.5,0,1.9,-0.2, 
23-feb-1996,0,7.900,0,9.2,0,4.5,2.1, 
24-feb-1996,0,7.300,2,4.1,0,2.2,1.1, 
25-feb-1996,0,6.400,0,6.9,1,-2.0,-6.0, 
26-feb-1996,0,0.300,0,8.5,1,-1.5,-4.0, 
27-feb-1996,0,0.000,0,10.3,1,-0.1,-4.5, 
28-feb-1996,0,0.000,0,11.0,1,-1.1,-4.2, 
29-feb-1996,0,0.000,0,8.9,1,-1.1,-6.2, 
01-mar-1996,0,0.000,0,9.2,0,2.8,2.7, 
02-mar-1996,0,0.000,0,9.9,0,7.5,7.0, 
03-mar-1996,0,0.000,0,11.8,0,7.6,6.1, 
04-mar-1996,0,0.000,0,9.1,0,7.0,5.5, 
05-mar-1996,0,0.100,0,8.9,0,6.8,5.3, 
06-mar-1996,0,0.000,0,7.9,0,5.2,2.9, 
07-mar-1996,0,0.000,0,8.7,2,1.8,1.1, 
08-mar-1996,4,0.000,0,8.0,0,3.4,-0.7, 
09-mar-1996,0,1.000,0,8.9,2,2.5,0.3, 
10-mar-1996,0,4.500,0,12.3,2,2.4,0.5, 
11-mar-1996,0,23.500,0,9.5,0,7.4,6.5, 
12-mar-1996,0,23.700,0,8.6,0,6.0,3.9, 
13-mar-1996,0,22.000,0,3.4,0,2.9,1.4, 
14-mar-1996,0,8.500,0,6.4,0,2.3,-0.2, 
15-mar-1996,0,8.800,0,7.6,0,2.4,-0.1, 
16-mar-1996,0,1.200,0,7.1,0,2.5,2.5, 
17-mar-1996,0,8.600,0,7.4,0,3.2,0.6, 
18-mar-1996,0,0.200,0,11.5,0,4.1,2.0, 
19-mar-1996,0,0.300,0,10.2,2,4.1,2.3, 
20-mar-1996,0,0.000,0,9.0,0,3.4,-0.5, 
21-mar-1996,0,8.700,0,6.3,0,3.6,2.2, 
22-mar-1996,0,0.900,0,7.0,0,3.6,2.4, 
23-mar-1996,0,9.500,0,8.8,0,6.0,5.9, 
24-mar-1996,0,3.900,0,11.5,0,6.9,6.0, 
25-mar-1996,0,0.900,0,8.0,0,6.8,5.6, 
26-mar-1996,0,0.000,0,6.9,0,4.6,3.4, 
27-mar-1996,0,0.000,0,7.6,0,2.1,-0.5, 
28-mar-1996,0,0.200,0,9.1,0,3.7,1.1, 
29-mar-1996,4,0.000,0,10.6,0,4.7,1.5, 
30-mar-1996,0,0.200,0,10.2,2,2.4,1.6, 
31-mar-1996,0,0.000,0,8.6,0,4.0,3.5, 
01-apr-1996,0,0.000,0,8.6,2,1.6,0.5, 
02-apr-1996,0,0.000,0,10.9,1,-1.9,-6.5, 
03-apr-1996,0,0.000,0,12.7,1,-0.9,-6.1, 
04-apr-1996,0,1.400,0,9.6,0,6.3,3.0, 
05-apr-1996,0,0.000,0,12.6,2,3.8,2.5, 
06-apr-1996,0,0.000,0,11.9,0,2.2,-2.5, 
07-apr-1996,0,4.000,0,11.9,0,5.7,2.5, 
08-apr-1996,0,0.400,0,13.0,0,9.4,8.0, 
09-apr-1996,0,11.800,0,13.1,0,10.4,8.5, 
10-apr-1996,0,0.100,0,12.1,0,8.6,8.0, 
11-apr-1996,0,8.900,0,11.2,0,2.0,-3.1, 
12-apr-1996,0,0.200,0,11.5,0,8.4,7.5, 
13-apr-1996,0,14.600,0,11.6,2,2.0,-1.0, 
14-apr-1996,0,2.400,0,13.8,0,7.5,6.8, 
15-apr-1996,0,15.300,0,13.0,0,10.6,9.4, 
16-apr-1996,0,5.600,0,12.9,0,9.5,8.6, 
17-apr-1996,0,11.800,0,11.2,0,7.5,5.5, 
18-apr-1996,0,4.200,0,11.2,0,6.7,5.0, 
19-apr-1996,0,0.500,0,12.8,0,8.1,6.2, 
20-apr-1996,0,5.600,0,14.0,2,6.0,3.5, 
21-apr-1996,0,16.600,0,12.0,0,9.0,8.5, 
22-apr-1996,0,16.400,0,9.7,0,8.1,7.2, 
23-apr-1996,0,5.600,0,11.3,0,9.2,10.0, 
24-apr-1996,0,9.100,0,11.6,0,8.1,5.0, 
25-apr-1996,0,4.500,0,13.0,0,8.2,5.8, 
26-apr-1996,0,3.500,0,12.4,0,11.1,9.6, 
27-apr-1996,0,1.800,0,12.7,2,8.0,6.0, 
28-apr-1996,0,3.900,0,12.8,2,6.0,2.8, 
29-apr-1996,0,1.200,0,11.2,2,6.2,4.0, 
30-apr-1996,0,2.400,0,11.8,0,6.6,3.0, 
01-may-1996,0,2.600,0,7.8,0,5.5,3.7, 
02-may-1996,0,0.000,0,11.5,0,4.7,3.0, 
03-may-1996,0,0.000,0,11.8,0,3.0,1.8, 
04-may-1996,0,0.000,0,10.8,0,1.4,-0.4, 
05-may-1996,0,0.000,0,12.5,0,0.3,-3.4, 
06-may-1996,0,0.600,0,13.7,0,2.8,-1.1, 
07-may-1996,0,0.000,0,15.4,0,5.3,1.6, 
08-may-1996,0,0.000,0,15.7,0,5.8,0.4, 
09-may-1996,0,0.000,0,15.6,0,6.1,1.9, 
10-may-1996,0,0.000,0,11.5,0,4.9,1.5, 
11-may-1996,0,0.000,0,11.2,0,3.9,-0.1, 
12-may-1996,0,0.300,0,13.2,0,2.5,-1.6, 
13-may-1996,0,0.000,0,14.7,0,6.2,1.8, 
14-may-1996,0,0.300,0,17.1,2,4.5,2.9, 
15-may-1996,0,0.000,0,15.0,0,9.2,7.0, 
16-may-1996,0,0.000,0,13.2,0,7.0,3.2, 
17-may-1996,0,0.500,0,11.6,0,5.7,2.6, 
18-may-1996,0,0.700,0,11.2,0,2.5,-0.2, 
19-may-1996,0,2.300,0,12.4,0,1.5,-2.9, 
20-may-1996,0,14.000,0,12.7,0,6.6,3.8, 
21-may-1996,0,21.000,0,13.5,0,7.0,5.5, 
22-may-1996,0,2.000,0,12.9,0,8.7,7.5, 
23-may-1996,0,0.100,0,13.7,0,9.9,7.9, 
24-may-1996,0,2.300,0,12.5,0,9.4,7.1, 
25-may-1996,0,12.100,0,15.0,0,9.6,8.3, 
26-may-1996,0,10.700,0,13.0,0,9.7,8.2, 
27-may-1996,0,6.100,0,17.5,0,10.4,8.3, 
28-may-1996,0,14.000,0,13.7,0,10.9,8.6, 
29-may-1996,0,14.000,0,14.7,0,10.8,9.3, 
30-may-1996,0,23.000,0,15.2,0,10.2,9.0, 
31-may-1996,0,4.200,0,13.0,0,8.1,5.1, 
01-jun-1996,0,2.200,0,13.8,0,9.0,7.0, 
02-jun-1996,0,8.000,0,13.9,0,8.4,6.4, 
03-jun-1996,0,0.800,0,15.0,0,9.8,8.0, 
04-jun-1996,0,17.000,0,16.2,0,11.5,9.0, 
05-jun-1996,0,1.000,0,15.2,0,12.1,10.0, 
06-jun-1996,0,4.500,0,17.2,0,9.4,6.3, 
07-jun-1996,1,1.200,0,15.7,0,9.2,6.3, 
08-jun-1996,1,26.200,0,15.8,0,10.1,8.0, 
09-jun-1996,0,2.000,0,15.2,0,11.4,10.4, 
10-jun-1996,0,12.100,0,15.9,0,10.6,8.4, 
11-jun-1996,0,1.800,0,14.6,0,10.9,9.1, 
12-jun-1996,0,0.000,0,15.2,0,10.7,8.4, 
13-jun-1996,0,0.000,0,17.9,0,5.0,1.2, 
14-jun-1996,0,0.000,0,21.0,0,7.6,5.1, 
15-jun-1996,0,0.000,0,24.1,0,8.5,4.1, 
16-jun-1996,0,0.000,0,25.0,0,11.6,6.6, 
17-jun-1996,0,0.000,0,21.4,0,9.6,5.4, 
18-jun-1996,0,0.000,0,20.4,0,9.8,7.5, 
19-jun-1996,0,0.000,0,21.2,0,9.4,5.6, 
20-jun-1996,0,0.000,0,18.9,0,13.1,11.6, 
21-jun-1996,0,1.600,0,16.1,0,10.8,9.1, 
22-jun-1996,4,0.000,0,15.2,0,10.2,7.4, 
23-jun-1996,0,0.000,0,16.4,0,11.1,8.4, 
24-jun-1996,0,3.400,0,16.1,0,12.0,11.2, 
25-jun-1996,0,8.000,0,16.8,0,13.0,11.1, 
26-jun-1996,0,0.100,0,16.2,0,12.1,10.1, 
27-jun-1996,0,17.300,0,15.3,0,9.8,6.2, 
28-jun-1996,0,0.100,0,15.0,0,12.7,12.0, 
29-jun-1996,0,2.000,0,15.3,0,11.6,9.7, 
30-jun-1996,0,8.600,0,15.4,0,11.8,10.0, 
01-jul-1996,0,1.100,0,14.7,0,11.0,8.9, 
02-jul-1996,0,17.100,0,14.9,0,11.0,8.5, 
03-jul-1996,0,5.200,0,14.6,0,9.8,7.0, 
04-jul-1996,0,3.400,0,13.6,0,11.7,9.5, 
05-jul-1996,0,5.100,0,15.1,0,9.8,8.6, 
06-jul-1996,0,5.200,0,15.3,0,9.1,5.8, 
07-jul-1996,0,0.000,0,14.9,0,10.3,8.9, 
08-jul-1996,0,1.200,0,15.5,0,10.8,7.6, 
09-jul-1996,4,0.000,0,20.0,0,13.4,12.5, 
10-jul-1996,0,19.800,0,16.6,0,13.6,11.0, 
11-jul-1996,0,15.500,0,15.5,0,14.0,13.4, 
12-jul-1996,0,7.200,0,16.5,0,11.7,11.0, 
13-jul-1996,0,1.500,2,17.4,0,13.3,13.0, 
14-jul-1996,0,0.100,0,16.5,0,11.9,11.5, 
15-jul-1996,0,0.000,0,19.6,0,10.7,9.1, 
16-jul-1996,0,0.000,0,21.9,0,10.4,5.4, 
17-jul-1996,0,0.000,0,23.1,0,12.1,9.4, 
18-jul-1996,0,0.000,0,21.7,0,11.7,9.1, 
19-jul-1996,0,0.000,0,22.2,0,12.4,8.5, 
20-jul-1996,0,12.400,0,22.1,0,11.3,9.5, 
21-jul-1996,0,3.500,0,19.1,0,16.4,14.1, 
22-jul-1996,0,4.700,0,17.6,0,14.8,13.4, 
23-jul-1996,0,0.600,0,15.7,0,13.8,11.9, 
24-jul-1996,0,1.900,0,18.8,0,12.6,11.8, 
25-jul-1996,0,6.800,0,19.3,0,14.4,13.3, 
26-jul-1996,0,0.100,0,19.0,0,13.3,12.5, 
27-jul-1996,0,29.700,0,18.2,0,13.2,9.6, 
28-jul-1996,0,0.100,0,21.6,0,12.6,9.4, 
29-jul-1996,0,8.500,0,17.0,0,13.5,9.4, 
30-jul-1996,0,2.000,0,16.7,0,12.9,12.1, 
31-jul-1996,0,0.600,0,16.7,0,12.2,9.6, 
01-aug-1996,0,2.500,0,16.0,0,11.9,9.7, 
02-aug-1996,0,0.200,0,15.9,0,11.8,9.7, 
03-aug-1996,0,0.100,0,18.2,0,12.1,10.9, 
04-aug-1996,0,6.800,0,19.5,0,12.0,8.5, 
05-aug-1996,0,0.300,0,15.9,0,11.4,11.0, 
06-aug-1996,0,0.300,0,16.2,0,11.8,9.5, 
07-aug-1996,0,15.200,0,18.9,0,12.5,9.9, 
08-aug-1996,0,12.300,0,18.6,0,14.0,12.7, 
09-aug-1996,0,22.900,0,18.1,0,13.1,11.2, 
10-aug-1996,0,2.500,0,18.2,0,11.8,9.4, 
11-aug-1996,0,0.100,0,19.1,0,13.8,11.6, 
12-aug-1996,0,0.000,0,16.5,0,13.2,12.1, 
13-aug-1996,0,0.000,0,20.3,0,10.2,6.5, 
14-aug-1996,0,1.200,0,21.0,0,9.2,5.2, 
15-aug-1996,0,2.300,0,17.4,0,13.7,9.5, 
16-aug-1996,0,6.200,0,18.0,0,15.2,13.6, 
17-aug-1996,0,14.800,0,19.0,0,15.3,13.8, 
18-aug-1996,0,6.400,0,18.9,0,16.7,15.6, 
19-aug-1996,0,4.300,0,18.1,0,15.6,13.5, 
20-aug-1996,0,1.500,0,16.1,0,12.4,11.3, 
21-aug-1996,0,33.900,0,16.0,0,12.6,11.4, 
22-aug-1996,0,6.500,0,17.5,0,12.6,10.0, 
23-aug-1996,0,13.400,0,18.5,0,10.5,7.2, 
24-aug-1996,0,3.800,0,17.7,0,12.6,11.8, 
25-aug-1996,0,7.100,0,15.0,0,12.8,11.0, 
26-aug-1996,0,10.400,0,16.6,0,11.8,10.6, 
27-aug-1996,0,1.100,0,16.8,0,12.5,11.5, 
28-aug-1996,4,0.000,0,15.7,0,11.4,10.2, 
29-aug-1996,0,1.000,0,15.5,0,7.8,3.5, 
30-aug-1996,0,0.100,0,17.0,0,12.1,10.1, 
31-aug-1996,0,0.000,0,16.6,0,6.9,3.0, 
01-sep-1996,0,0.100,0,18.3,0,12.3,10.6, 
02-sep-1996,0,1.000,0,19.7,0,15.2,14.1, 
03-sep-1996,4,0.000,0,22.2,0,16.5,15.8, 
04-sep-1996,0,0.000,0,21.8,0,17.0,15.0, 
05-sep-1996,0,0.000,0,19.3,0,11.3,7.6, 
06-sep-1996,0,0.000,0,20.9,0,9.1,4.7, 
07-sep-1996,0,0.000,0,21.1,0,11.8,7.5, 
08-sep-1996,0,0.000,0,21.0,0,8.4,4.5, 
09-sep-1996,0,0.000,0,20.5,0,10.0,5.7, 
10-sep-1996,0,0.200,0,17.2,0,11.5,7.5, 
11-sep-1996,0,1.200,0,15.9,0,13.4,10.5, 
12-sep-1996,0,0.100,0,17.8,0,13.0,12.2, 
13-sep-1996,4,0.000,0,18.9,0,6.6,2.7, 
14-sep-1996,0,0.000,0,18.5,0,8.4,3.9, 
15-sep-1996,0,0.000,0,18.0,2,10.0,8.0, 
16-sep-1996,0,0.000,0,21.0,2,12.8,8.2, 
17-sep-1996,0,0.000,0,20.2,0,14.0,11.5, 
18-sep-1996,0,0.000,0,17.7,0,12.2,8.5, 
19-sep-1996,0,0.000,0,17.2,0,9.0,4.3, 
20-sep-1996,0,0.000,0,14.7,0,10.5,7.9, 
21-sep-1996,0,0.000,0,17.7,0,7.9,4.2, 
22-sep-1996,0,1.600,0,15.8,0,8.0,3.1, 
23-sep-1996,0,5.900,0,16.6,0,12.2,11.0, 
24-sep-1996,0,40.000,2,14.6,0,12.9,11.9, 
25-sep-1996,0,6.000,0,15.9,0,11.1,8.7, 
26-sep-1996,0,7.900,0,16.9,0,12.9,11.5, 
27-sep-1996,0,10.700,0,15.6,0,10.4,7.0, 
28-sep-1996,0,37.500,0,17.4,0,11.5,9.2, 
29-sep-1996,0,11.300,0,14.3,0,10.7,10.5, 
30-sep-1996,0,4.700,0,14.7,0,9.5,7.6, 
01-oct-1996,0,9.600,0,13.6,0,10.5,7.9, 
02-oct-1996,0,14.100,0,15.6,0,10.8,8.5, 
03-oct-1996,0,16.100,0,15.5,0,11.9,11.4, 
04-oct-1996,0,6.800,0,13.1,0,8.9,6.4, 
05-oct-1996,0,0.100,0,14.6,0,9.4,6.5, 
06-oct-1996,0,4.500,0,14.7,0,11.2,6.8, 
07-oct-1996,0,2.800,0,12.8,0,12.7,12.4, 
08-oct-1996,0,3.300,0,13.3,0,5.9,3.0, 
09-oct-1996,0,0.100,0,12.4,0,8.6,6.6, 
10-oct-1996,0,11.700,0,13.6,0,8.1,8.1, 
11-oct-1996,0,45.900,0,14.6,0,10.2,10.3, 
12-oct-1996,0,37.300,2,16.0,0,12.0,12.0, 
13-oct-1996,0,4.500,0,17.6,0,12.6,12.7, 
14-oct-1996,0,10.900,0,12.8,0,10.4,11.0, 
15-oct-1996,0,18.300,0,10.9,0,6.9,3.6, 
16-oct-1996,0,3.500,0,11.9,0,6.5,4.9, 
17-oct-1996,0,15.600,0,13.3,0,8.4,5.2, 
18-oct-1996,0,5.500,0,15.5,0,8.8,8.4, 
19-oct-1996,0,7.900,0,14.8,0,10.4,8.1, 
20-oct-1996,0,4.300,0,15.6,0,12.0,11.6, 
21-oct-1996,0,1.000,0,16.5,0,10.5,8.7, 
22-oct-1996,0,4.200,0,19.9,0,11.0,9.6, 
23-oct-1996,0,26.000,0,17.2,0,15.3,13.4, 
24-oct-1996,0,28.000,0,15.1,0,12.8,11.2, 
25-oct-1996,0,9.200,0,15.2,0,7.4,7.8, 
26-oct-1996,0,21.100,0,13.8,0,6.9,6.2, 
27-oct-1996,0,35.300,0,15.2,0,9.7,8.9, 
28-oct-1996,0,4.200,0,13.2,0,10.2,9.6, 
29-oct-1996,0,0.900,0,11.9,0,7.5,5.6, 
30-oct-1996,0,31.300,0,14.0,0,8.7,7.2, 
31-oct-1996,0,4.200,0,13.7,0,10.9,9.4, 
01-nov-1996,0,11.000,0,16.0,0,10.4,8.4, 
02-nov-1996,0,16.600,0,14.6,0,13.2,12.5, 
03-nov-1996,0,27.300,0,12.6,0,11.4,10.2, 
04-nov-1996,0,16.900,0,11.8,0,9.5,7.1, 
05-nov-1996,0,28.000,0,14.8,0,7.4,4.6, 
06-nov-1996,0,9.100,0,11.2,0,8.6,7.0, 
07-nov-1996,0,4.500,0,10.7,0,5.0,1.4, 
08-nov-1996,0,7.600,0,10.8,0,2.5,0.1, 
09-nov-1996,0,2.100,0,10.7,0,7.2,3.9, 
10-nov-1996,0,0.200,0,9.0,0,1.4,-0.6, 
11-nov-1996,0,0.000,0,8.3,0,4.1,1.2, 
12-nov-1996,0,0.600,0,9.2,0,4.4,1.6, 
13-nov-1996,0,0.700,0,11.2,0,6.6,3.4, 
14-nov-1996,0,0.200,0,11.4,0,8.7,7.8, 
15-nov-1996,0,0.700,0,11.8,0,7.8,6.5, 
16-nov-1996,0,2.200,0,11.4,0,8.8,9.0, 
17-nov-1996,0,3.800,0,7.5,0,4.5,2.2, 
18-nov-1996,0,56.100,0,5.6,0,1.1,-0.1, 
19-nov-1996,0,6.500,0,5.5,0,1.4,-0.6, 
20-nov-1996,0,0.100,0,7.9,0,1.4,-0.2, 
21-nov-1996,0,9.200,0,7.2,1,-1.5,-6.1, 
22-nov-1996,0,3.600,0,6.4,0,2.4,-0.2, 
23-nov-1996,0,43.900,0,10.4,0,1.4,-2.0, 
24-nov-1996,0,19.100,0,11.5,0,0.4,-0.5, 
25-nov-1996,0,0.300,0,10.2,0,4.6,4.1, 
26-nov-1996,0,7.500,0,8.3,2,2.2,0.6, 
27-nov-1996,0,2.000,0,9.1,2,4.4,1.0, 
28-nov-1996,0,36.900,0,12.0,0,2.7,-0.5, 
29-nov-1996,0,1.100,0,9.9,0,6.2,5.6, 
30-nov-1996,0,9.900,0,12.1,0,8.3,5.2, 
01-dec-1996,0,2.100,0,12.3,0,7.8,6.9, 
02-dec-1996,0,27.000,0,12.4,0,6.9,4.0, 
03-dec-1996,0,17.100,0,8.0,0,3.0,2.9, 
04-dec-1996,0,8.900,0,7.6,0,2.0,-0.2, 
05-dec-1996,0,0.300,0,7.1,0,4.2,1.9, 
06-dec-1996,0,0.800,0,10.2,0,2.0,-0.2, 
07-dec-1996,0,21.200,0,11.4,2,5.2,5.1, 
08-dec-1996,0,17.700,0,11.1,0,10.0,9.2, 
09-dec-1996,0,1.900,0,11.3,0,9.9,9.4, 
10-dec-1996,0,0.100,0,10.0,0,7.5,3.9, 
11-dec-1996,0,0.100,2,6.2,0,5.5,4.8, 
12-dec-1996,0,1.800,0,6.9,0,4.8,2.8, 
13-dec-1996,0,1.400,0,8.9,0,2.8,-0.6, 
14-dec-1996,0,4.400,0,9.5,1,-0.5,-2.2, 
15-dec-1996,0,2.200,0,9.6,0,6.4,5.7, 
16-dec-1996,0,0.100,0,9.2,0,5.6,4.1, 
17-dec-1996,0,0.400,0,14.1,2,4.1,3.2, 
18-dec-1996,4,0.000,0,12.0,0,6.7,5.5, 
19-dec-1996,4,0.000,0,10.0,0,7.0,4.6, 
20-dec-1996,0,0.400,2,5.8,0,4.3,3.5, 
21-dec-1996,0,0.200,0,4.9,0,3.8,2.0, 
22-dec-1996,0,0.000,0,6.3,0,2.1,-1.0, 
23-dec-1996,0,0.000,0,5.9,0,3.0,-1.0, 
24-dec-1996,0,0.000,0,4.0,0,2.7,-1.2, 
25-dec-1996,0,0.000,0,5.6,1,-0.3,-3.5, 
26-dec-1996,0,5.600,0,8.8,0,0.2,-2.3, 
27-dec-1996,0,0.000,0,7.9,0,4.1,0.1, 
28-dec-1996,0,0.000,0,6.3,0,1.0,-2.0, 
29-dec-1996,0,0.000,0,5.5,0,0.0,-3.0, 
30-dec-1996,0,0.000,0,5.9,1,-1.4,-4.5, 
31-dec-1996,0,0.000,0,4.9,1,-1.5,-3.1, 
01-jan-1997,0,3.200,0,4.2,1,-1.2,-3.3, 
02-jan-1997,0,0.000,0,6.5,0,0.5,-2.0, 
03-jan-1997,0,0.000,0,3.3,1,-1.5,-5.2, 
04-jan-1997,0,0.100,0,3.1,0,0.9,-2.5, 
05-jan-1997,4,0.000,0,3.3,0,0.1,-2.7, 
06-jan-1997,0,0.000,0,4.0,0,0.4,-2.5, 
07-jan-1997,0,0.000,0,3.5,0,1.5,-1.1, 
08-jan-1997,0,0.000,0,2.0,1,-0.5,-5.0, 
09-jan-1997,0,0.200,0,4.5,1,-0.4,-4.2, 
10-jan-1997,0,7.400,0,11.1,0,1.4,-0.2, 
11-jan-1997,0,10.300,0,12.6,0,3.4,2.2, 
12-jan-1997,0,12.700,0,12.5,0,8.5,6.2, 
13-jan-1997,0,9.500,0,11.8,0,10.8,9.2, 
14-jan-1997,0,14.300,0,11.1,0,10.0,9.0, 
15-jan-1997,0,0.200,0,9.4,0,8.9,8.1, 
16-jan-1997,0,11.900,0,11.0,0,7.3,5.2, 
17-jan-1997,0,3.400,0,9.3,0,6.2,3.5, 
18-jan-1997,0,3.300,0,9.4,0,6.2,5.4, 
19-jan-1997,0,3.200,0,9.0,0,6.5,3.4, 
20-jan-1997,0,0.300,0,7.9,0,4.2,0.1, 
21-jan-1997,0,0.000,0,7.1,0,1.6,-1.7, 
22-jan-1997,0,0.900,0,7.1,0,2.3,0.3, 
23-jan-1997,0,13.800,0,9.6,0,2.3,1.5, 
24-jan-1997,0,0.900,0,9.6,0,6.3,3.8, 
25-jan-1997,0,0.300,0,9.9,0,0.7,-3.0, 
26-jan-1997,4,0.000,0,11.5,0,7.4,3.2, 
27-jan-1997,0,0.000,0,8.7,0,2.7,-1.2, 
28-jan-1997,0,0.000,0,9.5,2,3.9,4.0, 
29-jan-1997,0,0.000,0,7.2,0,0.1,-4.1, 
30-jan-1997,0,0.000,0,5.9,0,0.9,-3.9, 
31-jan-1997,1,2.000,0,7.5,0,0.2,-2.5, 
01-feb-1997,0,7.100,0,9.6,0,1.8,-1.1, 
02-feb-1997,0,7.500,0,8.7,0,4.6,1.0, 
03-feb-1997,0,43.600,0,11.1,0,2.3,-0.6, 
04-feb-1997,0,3.000,0,9.0,0,5.6,2.1, 
05-feb-1997,0,3.100,0,11.1,0,0.6,-3.1, 
06-feb-1997,0,3.400,0,12.1,0,7.0,4.7, 
07-feb-1997,0,0.200,0,8.9,0,4.4,0.1, 
08-feb-1997,0,22.900,0,10.8,0,5.0,1.9, 
09-feb-1997,0,23.000,0,10.8,0,7.2,4.0, 
10-feb-1997,0,7.800,0,8.2,0,2.4,0.5, 
11-feb-1997,0,15.700,0,12.2,0,2.5,0.1, 
12-feb-1997,0,15.100,0,11.9,0,7.7,1.7, 
13-feb-1997,0,4.200,0,7.9,0,4.8,2.6, 
14-feb-1997,0,1.500,0,8.2,0,0.5,-2.4, 
15-feb-1997,0,13.500,0,9.8,0,0.8,-3.0, 
16-feb-1997,0,32.300,0,11.4,0,4.5,0.4, 
17-feb-1997,0,25.100,0,11.8,0,6.9,4.6, 
18-feb-1997,0,27.400,0,11.6,0,2.3,-0.3, 
19-feb-1997,0,12.400,0,11.6,0,4.1,1.5, 
20-feb-1997,0,6.400,0,11.4,0,4.6,2.6, 
21-feb-1997,0,0.800,0,12.4,0,7.0,3.9, 
22-feb-1997,0,17.300,0,11.8,0,8.1,6.0, 
23-feb-1997,0,24.300,0,8.0,0,5.5,3.2, 
24-feb-1997,0,19.600,0,8.2,0,2.8,0.4, 
25-feb-1997,0,20.900,0,8.5,0,2.9,0.4, 
26-feb-1997,0,20.400,0,10.9,0,4.8,3.5, 
27-feb-1997,0,8.400,0,12.1,0,6.3,2.5, 
28-feb-1997,0,3.700,0,11.1,0,6.1,3.4, 
01-mar-1997,0,24.000,0,11.8,0,5.5,3.0, 
02-mar-1997,0,2.700,0,9.0,0,4.5,1.0, 
03-mar-1997,0,0.200,0,10.5,0,2.6,-1.5, 
04-mar-1997,0,9.800,0,10.9,1,-0.5,-6.0, 
05-mar-1997,0,0.100,0,10.3,1,-0.7,-7.5, 
06-mar-1997,0,32.200,0,11.2,0,0.7,-3.4, 
07-mar-1997,0,8.100,2,9.9,0,7.9,6.6, 
08-mar-1997,0,0.000,0,10.2,0,0.5,-2.8, 
09-mar-1997,0,0.000,0,8.9,0,1.0,-4.6, 
10-mar-1997,0,0.400,0,14.8,0,2.9,-0.2, 
11-mar-1997,0,3.900,0,15.7,0,3.6,-1.4, 
12-mar-1997,0,8.600,0,12.6,0,8.0,6.8, 
13-mar-1997,0,5.600,0,11.9,0,9.4,6.6, 
14-mar-1997,0,6.100,0,11.8,0,9.5,8.0, 
15-mar-1997,0,0.200,0,12.5,0,10.5,9.9, 
16-mar-1997,0,0.200,0,11.7,0,9.9,8.8, 
17-mar-1997,0,8.200,0,11.1,0,9.2,8.2, 
18-mar-1997,0,2.500,0,10.9,0,6.2,4.5, 
19-mar-1997,0,2.700,0,11.4,0,7.5,5.2, 
20-mar-1997,0,0.100,0,10.5,0,8.1,6.3, 
21-mar-1997,0,1.900,0,10.8,0,4.4,0.4, 
22-mar-1997,0,6.100,0,11.1,0,8.0,6.0, 
23-mar-1997,0,4.300,0,11.5,0,7.9,6.3, 
24-mar-1997,0,11.500,0,11.6,0,8.2,5.9, 
25-mar-1997,0,9.300,0,12.6,0,8.6,7.5, 
26-mar-1997,0,5.700,0,11.7,2,9.5,9.3, 
27-mar-1997,0,5.600,0,12.2,0,7.2,6.0, 
28-mar-1997,0,1.900,0,10.6,0,5.7,3.4, 
29-mar-1997,4,0.000,0,10.5,0,5.8,2.2, 
30-mar-1997,0,0.000,0,10.7,0,8.0,5.7, 
31-mar-1997,0,0.200,0,11.8,0,8.0,5.6, 
01-apr-1997,0,1.400,0,13.8,0,8.2,6.2, 
02-apr-1997,0,1.900,0,12.1,0,7.2,8.3, 
03-apr-1997,0,1.600,0,11.1,0,7.9,5.9, 
04-apr-1997,0,0.300,0,11.9,0,7.3,4.6, 
05-apr-1997,0,0.800,0,12.6,0,10.6,9.4, 
06-apr-1997,0,0.700,0,13.1,0,10.2,9.0, 
07-apr-1997,0,0.000,0,14.4,0,6.9,3.2, 
08-apr-1997,4,0.000,0,15.6,0,6.7,3.4, 
09-apr-1997,0,0.000,0,15.6,0,5.0,2.3, 
10-apr-1997,0,0.000,0,16.4,0,3.0,-0.5, 
11-apr-1997,0,0.000,0,14.8,0,2.9,-1.0, 
12-apr-1997,0,0.000,0,15.8,0,4.5,1.8, 
13-apr-1997,0,0.000,0,15.1,0,4.9,1.9, 
14-apr-1997,0,0.000,0,14.4,0,7.3,4.4, 
15-apr-1997,0,0.000,0,14.0,0,9.6,8.9, 
16-apr-1997,0,0.000,0,16.9,0,9.9,7.9, 
17-apr-1997,0,0.000,0,18.0,0,7.8,4.5, 
18-apr-1997,0,0.000,0,15.1,0,9.8,8.3, 
19-apr-1997,0,0.000,0,15.0,0,6.0,3.5, 
20-apr-1997,0,2.200,0,13.0,0,2.3,-1.2, 
21-apr-1997,0,0.100,0,12.9,0,7.4,4.3, 
22-apr-1997,0,0.000,0,11.5,0,4.4,2.9, 
23-apr-1997,0,0.600,0,12.3,0,4.8,0.8, 
24-apr-1997,0,22.100,0,12.2,0,9.9,7.6, 
25-apr-1997,0,2.400,0,16.0,0,10.8,10.5, 
26-apr-1997,0,0.500,0,16.3,0,9.7,7.5, 
27-apr-1997,0,19.500,0,14.7,0,9.7,7.4, 
28-apr-1997,0,4.300,0,12.5,0,11.1,10.0, 
29-apr-1997,0,0.000,0,15.7,0,10.4,8.4, 
30-apr-1997,0,0.000,0,18.7,0,10.9,10.2, 
01-may-1997,0,0.000,0,20.1,0,10.5,7.4, 
02-may-1997,0,1.800,0,23.5,0,10.6,7.3, 
03-may-1997,0,20.000,0,17.0,0,13.0,10.4, 
04-may-1997,0,18.400,0,13.0,0,11.4,11.0, 
05-may-1997,0,3.400,0,9.5,0,6.4,5.5, 
06-may-1997,0,13.000,0,9.9,0,2.7,1.3, 
07-may-1997,0,5.700,2,10.7,2,4.2,3.9, 
08-may-1997,0,8.800,0,11.5,0,2.5,0.6, 
09-may-1997,0,14.900,0,11.1,0,6.2,4.7, 
10-may-1997,0,14.200,0,10.2,0,6.5,5.5, 
11-may-1997,0,9.700,0,11.9,0,6.6,5.9, 
12-may-1997,0,9.600,0,11.9,0,7.7,6.3, 
13-may-1997,0,0.700,0,13.3,0,7.7,6.3, 
14-may-1997,0,0.600,0,16.1,0,8.8,6.2, 
15-may-1997,0,1.600,0,17.6,0,10.0,6.5, 
16-may-1997,0,0.900,0,19.8,0,10.4,8.5, 
17-may-1997,0,2.500,0,19.0,0,11.6,10.5, 
18-may-1997,0,6.400,0,15.1,0,13.2,10.9, 
19-may-1997,0,3.000,0,18.2,0,9.5,5.8, 
20-may-1997,0,0.400,0,17.1,0,12.5,12.1, 
21-may-1997,0,2.100,0,17.2,0,9.2,5.6, 
22-may-1997,0,0.100,0,14.0,0,10.0,9.8, 
23-may-1997,0,0.000,0,16.0,0,8.5,6.0, 
24-may-1997,0,0.000,0,17.2,0,5.6,2.1, 
25-may-1997,0,0.000,0,18.0,0,5.0,0.9, 
26-may-1997,0,0.000,0,20.0,0,6.9,3.2, 
27-may-1997,0,0.000,0,22.0,0,10.2,7.3, 
28-may-1997,0,0.000,0,21.6,0,11.5,8.9, 
29-may-1997,0,0.000,0,22.0,0,8.6,3.2, 
30-may-1997,0,0.000,0,23.5,0,7.5,7.5, 
31-may-1997,0,0.000,0,26.5,0,12.5,7.9, 
01-jun-1997,0,0.000,0,22.0,0,12.5,7.9, 
02-jun-1997,0,0.000,0,22.0,0,11.8,7.9, 
03-jun-1997,0,0.000,0,22.0,0,6.5,6.4, 
04-jun-1997,0,0.100,0,18.9,2,10.2, , 
05-jun-1997,0,15.500,0,20.3,2,9.3, , 
06-jun-1997,0,18.700,0,16.7,0,11.9, , 
07-jun-1997,0,10.500,0,17.6,0,12.1, , 
08-jun-1997,0,9.800,0,13.4,0,9.7, , 
09-jun-1997,0,10.500,0,17.0,0,7.6, , 
10-jun-1997,0,10.500,0,18.1,0,7.6, , 
11-jun-1997,0,2.900,0,17.5,0,8.4, , 
12-jun-1997,0,11.000,0,14.4,0,8.7, , 
13-jun-1997,0,2.300,0,14.5,0,10.8, , 
14-jun-1997,0,0.100,0,15.2,0,9.5, , 
15-jun-1997,0,0.500,0,16.1,0,7.1, , 
16-jun-1997,4,0.000,0,18.0,0,5.3, , 
17-jun-1997,0,8.000,0,18.8,0,8.7, , 
18-jun-1997,0,13.000,0,15.5,0,11.4, , 
19-jun-1997,0,6.700,0,18.4,0,9.6, , 
20-jun-1997,0,1.000,0,15.0,0,8.6, , 
21-jun-1997,0,15.600,0,15.8,0,9.8, , 
22-jun-1997,0,2.000,0,15.8,0,9.5, , 
23-jun-1997,0,0.100,0,14.0,0,11.1, , 
24-jun-1997,0,12.700,0,15.8,0,10.1, , 
25-jun-1997,0,2.500,0,15.1,0,12.5, , 
26-jun-1997,0,5.300,0,15.3,0,8.9, , 
27-jun-1997,0,0.500,0,15.5,0,9.1, , 
28-jun-1997,0,0.000,0,16.6,0,9.6, , 
29-jun-1997,0,0.000,0,17.2,0,9.5, , 
30-jun-1997,0,5.300,0,15.0,0,10.3, , 
01-jul-1997,0,2.000,0,12.6,0,9.0, , 
02-jul-1997,0,16.000,0,12.8,0,9.4, , 
03-jul-1997,0,1.300,0,13.1,0,9.5, , 
04-jul-1997,0,0.700,0,18.2,0,10.0, , 
05-jul-1997,0,2.300,0,18.4,0,10.1, , 
06-jul-1997,0,3.800,0,18.0,2,12.8, , 
07-jul-1997,0,2.500,0,19.7,4, , , 
08-jul-1997,0,0.000,0,18.5,4, , , 
09-jul-1997,0,1.600,0,23.0,4, , , 
10-jul-1997,0,1.200,0,20.0,4, , , 
11-jul-1997,0,0.700,0,19.6,4, , , 
12-jul-1997,0,7.500,0,20.0,4, , , 
13-jul-1997,0,1.500,0,16.1,4, , , 
14-jul-1997,0,11.900,0,17.0,4, , , 
15-jul-1997,0,2.500,0,16.0,4, , , 
16-jul-1997,0,17.200,0,15.9,4, , , 
17-jul-1997,0,0.100,0,19.0,4, , , 
18-jul-1997,0,0.000,0,21.0,4, , , 
19-jul-1997,0,0.000,0,21.0,4, , , 
20-jul-1997,0,0.300,0,19.5,4, , , 
21-jul-1997,0,0.000,0,21.0,0,15.0,13.0, 
22-jul-1997,0,59.700,0,19.2,0,14.4,12.0, 
23-jul-1997,0,29.600,0,16.5,0,14.0,11.0, 
24-jul-1997,0,2.300,0,17.0,0,12.8,12.9, 
25-jul-1997,0,10.600,0,18.9,0,13.3,12.9, 
26-jul-1997,0,0.900,0,20.8,0,13.4,13.3, 
27-jul-1997,0,7.000,0,20.8,0,12.1,8.8, 
28-jul-1997,0,15.500,0,20.5,0,12.4,8.8, 
29-jul-1997,0,4.500,0,19.1,0,15.4,11.5, 
30-jul-1997,0,1.700,0,16.0,0,13.2,12.0, 
31-jul-1997,0,31.500,0,17.0,0,14.0,11.5, 
01-aug-1997,0,0.300,0,17.4,0,14.6,14.5, 
02-aug-1997,0,0.000,0,17.1,0,12.4,9.0, 
03-aug-1997,0,0.500,0,16.5,0,13.0,11.3, 
04-aug-1997,0,27.000,0,17.8,0,14.5,12.9, 
05-aug-1997,0,2.000,0,17.3,0,14.0,13.0, 
06-aug-1997,0,0.200,0,19.0,0,14.7,14.0, 
07-aug-1997,0,0.600,0,24.2,0,16.0,13.0, 
08-aug-1997,0,5.200,2,19.1,0,13.7,12.0, 
09-aug-1997,0,2.300,2,18.6,0,13.6,11.9, 
10-aug-1997,0,6.300,0,19.4,0,14.5,13.0, 
11-aug-1997,0,0.300,0,24.5,0,15.0,13.1, 
12-aug-1997,0,1.000,0,24.5,0,16.0,13.6, 
13-aug-1997,0,1.900,0,20.5,0,16.2,13.7, 
14-aug-1997,0,18.500,0,20.5,0,15.4,13.0, 
15-aug-1997,0,3.200,0,20.5,0,15.4,15.0, 
16-aug-1997,0,4.500,0,21.5,0,15.5,11.5, 
17-aug-1997,0,0.000,0,20.5,0,10.0,6.5, 
18-aug-1997,0,3.900,0,22.5,0,12.0,8.0, 
19-aug-1997,0,6.800,0,21.0,0,17.0,15.8, 
20-aug-1997,0,3.400,0,19.1,0,17.2,10.0, 
21-aug-1997,4,0.000,0,19.9,0,15.0,13.6, 
22-aug-1997,0,2.100,0,18.5,0,13.6,11.0, 
23-aug-1997,0,0.200,0,18.7,0,12.5,9.2, 
24-aug-1997,0,16.900,0,18.9,0,7.4,3.3, 
25-aug-1997,0,7.500,0,18.3,0,11.4,8.0, 
26-aug-1997,0,36.000,0,18.5,0,11.0,9.0, 
27-aug-1997,0,72.700,0,16.0,0,11.0,9.0, 
28-aug-1997,0,24.800,0,16.5,0,12.7,12.0, 
29-aug-1997,0,1.600,0,16.4,0,13.0,11.1, 
30-aug-1997,0,7.200,0,17.8,0,12.5,11.1, 
31-aug-1997,0,6.100,0,15.1,0,11.8,9.0, 
01-sep-1997,0,27.600,0,17.8,0,12.0,10.2, 
02-sep-1997,0,32.900,0,17.3,0,12.7,12.1, 
03-sep-1997,0,15.100,0,16.3,0,12.9,12.5, 
04-sep-1997,0,12.400,0,16.9,0,11.5,10.0, 
05-sep-1997,0,2.400,0,15.4,0,11.7,10.9, 
06-sep-1997,0,6.700,0,16.2,0,11.8,8.5, 
07-sep-1997,0,1.800,0,16.6,0,13.4,11.8, 
08-sep-1997,0,0.800,0,16.9,0,13.5,11.0, 
09-sep-1997,4,0.000,0,18.4,0,12.0,10.3, 
10-sep-1997,0,0.100,0,15.5,0,6.8,2.3, 
11-sep-1997,0,11.800,0,15.8,0,12.0,7.9, 
12-sep-1997,0,15.000,0,15.0,0,9.0,6.0, 
13-sep-1997,0,3.100,0,14.9,0,8.5,6.4, 
14-sep-1997,0,20.500,0,16.2,0,6.8,6.0, 
15-sep-1997,0,51.900,0,16.8,0,12.4,11.5, 
16-sep-1997,0,12.900,0,15.5,0,10.8,8.2, 
17-sep-1997,0,0.000,0,16.9,0,7.4,4.1, 
18-sep-1997,0,0.000,0,16.0,0,11.3,10.5, 
19-sep-1997,0,0.000,0,17.9,0,11.8,10.5, 
20-sep-1997,4,0.000,0,18.6,0,14.0,12.6, 
21-sep-1997,0,0.000,0,19.5,0,14.0,12.0, 
22-sep-1997,0,0.000,0,20.0,0,12.5,10.1, 
23-sep-1997,0,0.000,0,19.8,0,11.0,9.3, 
24-sep-1997,0,0.000,0,19.8,0,12.9,11.1, 
25-sep-1997,0,0.000,0,18.8,0,9.3,5.8, 
26-sep-1997,0,0.000,0,15.2,0,9.4,5.0, 
27-sep-1997,0,0.000,0,15.6,0,10.9,11.0, 
28-sep-1997,0,13.300,0,17.2,0,11.6,9.5, 
29-sep-1997,0,5.200,0,15.8,0,12.5,11.2, 
30-sep-1997,0,28.500,0,17.0,0,13.1,10.5, 
01-oct-1997,1,1.000,0,15.8,0,14.1,13.5, 
02-oct-1997,0,3.000,0,16.5,0,9.0,7.2, 
03-oct-1997,0,2.700,0,16.4,0,8.9,5.2, 
04-oct-1997,0,0.500,0,15.9,0,13.4,13.2, 
05-oct-1997,0,18.200,0,16.0,0,12.5,11.6, 
06-oct-1997,0,15.200,0,13.4,0,9.9,9.5, 
07-oct-1997,0,14.300,0,14.2,0,7.3,8.2, 
08-oct-1997,0,7.000,0,15.8,0,9.5,9.9, 
09-oct-1997,0,25.300,0,14.6,0,9.9,9.5, 
10-oct-1997,0,16.900,0,13.7,0,10.2,8.8, 
11-oct-1997,0,10.000,0,11.2,0,8.1,7.0, 
12-oct-1997,0,1.400,0,12.7,0,7.9,7.5, 
13-oct-1997,0,4.200,0,13.2,0,8.6,8.2, 
14-oct-1997,0,28.000,0,15.5,0,3.9,2.5, 
15-oct-1997,0,29.000,0,16.0,0,11.0,11.0, 
16-oct-1997,0,13.300,0,16.8,0,12.0,12.5, 
17-oct-1997,0,0.400,0,14.8,0,9.0,8.0, 
18-oct-1997,4,0.000,0,19.2,0,9.8,9.9, 
19-oct-1997,0,0.000,0,17.5,0,11.1,8.6, 
20-oct-1997,0,0.000,0,12.9,0,12.1,11.1, 
21-oct-1997,0,0.000,0,13.3,0,8.8,6.3, 
22-oct-1997,0,0.000,0,11.9,0,7.9,3.1, 
23-oct-1997,0,0.000,0,11.2,0,4.0,-0.8, 
24-oct-1997,0,0.000,0,12.1,0,4.9,1.2, 
25-oct-1997,0,0.000,0,11.4,0,2.1,-0.9, 
26-oct-1997,0,0.000,0,13.7,0,4.5,0.4, 
27-oct-1997,0,0.000,0,14.0,0,8.0,7.0, 
28-oct-1997,0,0.000,0,10.8,0,9.7,8.9, 
29-oct-1997,0,4.500,0,14.2,0,7.7,5.4, 
30-oct-1997,0,0.000,0,14.1,0,10.8,10.0, 
31-oct-1997,0,0.000,0,13.4,0,4.5,1.5, 
01-nov-1997,0,0.200,0,13.9,0,5.2,3.8, 
02-nov-1997,0,1.300,0,16.3,0,8.5,6.4, 
03-nov-1997,0,0.000,0,13.9,0,11.5,11.0, 
04-nov-1997,0,26.200,0,10.1,0,8.4,7.0, 
05-nov-1997,0,0.900,0,10.7,0,7.8,7.1, 
06-nov-1997,0,0.000,0,10.7,0,9.1,7.5, 
07-nov-1997,0,6.500,0,8.9,0,0.8,-2.0, 
08-nov-1997,0,2.600,0,10.9,0,3.7,1.4, 
09-nov-1997,0,17.900,0,10.4,0,0.6,-3.5, 
10-nov-1997,0,14.200,0,11.4,0,6.0,4.3, 
11-nov-1997,0,8.100,0,9.4,0,7.8,6.0, 
12-nov-1997,0,6.600,0,8.9,0,4.1,0.2, 
13-nov-1997,0,5.800,0,13.3,0,0.9,-2.5, 
14-nov-1997,0,3.900,0,13.9,0,2.5,-0.1, 
15-nov-1997,0,46.500,0,16.9,0,8.0,5.2, 
16-nov-1997,0,19.400,0,14.0,0,12.9,11.5, 
17-nov-1997,0,28.900,0,16.2,0,11.0,9.9, 
18-nov-1997,0,11.100,0,13.8,0,11.0,12.1, 
19-nov-1997,0,26.000,0,12.5,0,9.6,8.1, 
20-nov-1997,0,7.000,0,11.6,0,9.2,8.2, 
21-nov-1997,0,0.500,0,9.0,0,5.0,2.3, 
22-nov-1997,0,0.400,0,9.3,0,0.5,-2.0, 
23-nov-1997,0,26.100,0,11.5,0,0.6,-1.6, 
24-nov-1997,0,5.300,0,12.6,0,8.0,5.1, 
25-nov-1997,0,4.300,0,10.5,0,9.5,8.3, 
26-nov-1997,0,1.000,0,11.9,0,7.6,4.5, 
27-nov-1997,0,0.000,0,10.5,0,7.9,4.7, 
28-nov-1997,0,0.000,0,11.1,0,4.9,1.5, 
29-nov-1997,0,5.000,0,11.4,0,6.1,5.0, 
30-nov-1997,0,0.000,0,11.0,0,5.8,3.0, 
01-dec-1997,0,1.000,0,7.5,0,6.2,4.6, 
02-dec-1997,0,0.000,0,8.2,0,3.6,1.0, 
03-dec-1997,0,0.000,0,6.1,1,-1.1,-2.5, 
04-dec-1997,0,0.000,0,10.6,1,-1.6,-4.8, 
05-dec-1997,0,38.500,0,12.0,1,-1.5,-3.0, 
06-dec-1997,0,18.900,0,13.2,0,9.0,7.4, 
07-dec-1997,0,19.600,0,13.0,0,10.0,9.2, 
08-dec-1997,0,9.500,0,11.6,0,7.8,7.0, 
09-dec-1997,0,15.600,0,13.5,0,8.4,6.5, 
10-dec-1997,0,12.500,0,12.8,0,8.5,7.0, 
11-dec-1997,0,26.500,0,12.2,0,7.9,6.8, 
12-dec-1997,0,2.100,0,10.9,0,3.1,-0.4, 
13-dec-1997,0,1.500,0,11.2,0,5.5,2.0, 
14-dec-1997,0,0.000,0,11.0,0,8.3,7.4, 
15-dec-1997,0,0.000,0,8.2,0,6.5,4.3, 
16-dec-1997,0,0.000,0,6.4,0,5.1,1.5, 
17-dec-1997,0,7.100,0,10.3,0,4.5,1.9, 
18-dec-1997,0,0.000,0,11.7,0,3.9,2.6, 
19-dec-1997,0,1.700,0,11.9,0,9.3,6.9, 
20-dec-1997,0,6.700,0,11.8,0,6.0,4.0, 
21-dec-1997,0,3.000,0,11.0,2,3.4,-0.6, 
22-dec-1997,0,19.100,0,11.5,0,4.2,2.2, 
23-dec-1997,0,4.100,0,12.0,0,6.9,2.5, 
24-dec-1997,0,40.000,0,12.0,0,7.0,5.3, 
25-dec-1997,0,16.100,0,10.1,0,6.6,4.4, 
26-dec-1997,0,10.700,0,10.0,0,6.5,4.0, 
27-dec-1997,0,2.900,0,10.2,0,5.9,3.8, 
28-dec-1997,0,0.300,0,10.7,0,6.3,3.9, 
29-dec-1997,0,15.000,0,11.0,0,5.0,2.2, 
30-dec-1997,0,47.500,0,11.9,0,7.5,5.9, 
31-dec-1997,0,41.500,0,11.0,0,3.5,0.9, 
01-jan-1998,0,30.100,0,12.0,0,2.3,-0.5, 
02-jan-1998,0,10.000,0,12.5,0,5.6,2.1, 
03-jan-1998,0,12.500,0,7.0,0,4.5,1.5, 
04-jan-1998,0,10.800,0,7.1,0,1.5,0.1, 
05-jan-1998,0,17.500,0,8.0,1,-0.6,-4.1, 
06-jan-1998,0,5.300,0,10.0,0,1.5,-1.8, 
07-jan-1998,0,11.400,0,7.5,0,4.9,2.8, 
08-jan-1998,0,22.300,0,13.1,0,1.7,0.7, 
09-jan-1998,0,69.400,0,13.5,0,4.5,1.4, 
10-jan-1998,0,0.000,0,15.0,0,8.5,8.8, 
11-jan-1998,0,4.600,2,13.4,0,12.0,10.5, 
12-jan-1998,0,2.000,0,10.1,0,8.1,6.0, 
13-jan-1998,0,3.700,0,8.5,0,4.4,2.1, 
14-jan-1998,0,8.700,0,10.0,0,5.3,2.4, 
15-jan-1998,0,6.000,0,9.3,0,4.7,2.1, 
16-jan-1998,0,2.300,0,10.1,0,4.8,1.6, 
17-jan-1998,0,19.500,0,10.0,0,6.0,2.4, 
18-jan-1998,0,2.200,0,9.7,0,5.6,5.2, 
19-jan-1998,0,0.000,0,5.3,0,2.8,1.5, 
20-jan-1998,0,22.800,0,11.6,0,0.6,-3.1, 
21-jan-1998,0,7.400,0,12.3,0,3.0,1.7, 
22-jan-1998,0,4.900,0,10.8,0,10.0,9.4, 
23-jan-1998,0,0.200,0,9.1,0,7.3,6.0, 
24-jan-1998,0,0.000,0,7.9,0,6.1,4.5, 
25-jan-1998,0,0.000,0,7.8,0,3.6,0.8, 
26-jan-1998,0,0.000,0,6.0,1,-0.6,-4.0, 
27-jan-1998,0,0.000,0,2.2,1,-2.7,-7.1, 
28-jan-1998,0,0.000,0,4.2,1,-3.1,-8.1, 
29-jan-1998,0,0.000,0,5.2,1,-1.5,-5.3, 
30-jan-1998,0,0.000,0,7.6,1,-0.6,-1.1, 
31-jan-1998,0,0.000,0,6.6,0,1.5,0.0, 
01-feb-1998,4,0.000,0,8.4,1,-2.1,-4.8, 
02-feb-1998,0,1.000,0,8.1,1,-1.9,-5.0, 
03-feb-1998,0,5.600,0,9.9,0,1.0,-1.5, 
04-feb-1998,0,1.500,0,9.6,0,4.5,3.1, 
05-feb-1998,0,5.700,0,10.0,0,7.0,4.0, 
06-feb-1998,0,23.100,0,9.4,0,7.5,6.2, 
07-feb-1998,0,6.600,0,11.8,0,3.7,0.3, 
08-feb-1998,0,33.300,0,11.7,0,5.6,2.5, 
09-feb-1998,0,16.100,0,11.1,0,9.9,9.5, 
10-feb-1998,0,48.200,0,12.2,0,7.6,5.2, 
11-feb-1998,0,10.400,0,12.4,0,8.0,7.5, 
12-feb-1998,0,4.900,0,12.8,0,10.4,9.5, 
13-feb-1998,0,5.000,0,13.0,0,10.5,10.3, 
14-feb-1998,0,5.600,0,13.7,0,11.0,10.5, 
15-feb-1998,0,10.400,0,13.5,0,11.2,10.3, 
16-feb-1998,0,1.200,0,11.4,0,8.9,8.0, 
17-feb-1998,0,1.200,0,12.8,0,7.9,4.3, 
18-feb-1998,0,1.800,0,11.5,0,7.7,7.2, 
19-feb-1998,0,25.000,0,12.7,0,9.4,8.5, 
20-feb-1998,0,23.300,0,12.2,0,9.6,5.5, 
21-feb-1998,0,4.900,0,8.0,0,4.2,1.4, 
22-feb-1998,0,5.100,0,13.1,0,2.6,-0.1, 
23-feb-1998,0,0.000,0,12.2,0,7.1,5.0, 
24-feb-1998,0,0.000,0,12.5,0,9.5,8.0, 
25-feb-1998,0,5.200,0,10.1,0,7.5,6.1, 
26-feb-1998,0,3.500,0,9.7,0,6.6,4.1, 
27-feb-1998,0,13.400,0,9.7,0,6.5,5.0, 
28-feb-1998,0,10.300,0,8.0,0,1.6,-0.2, 
01-mar-1998,0,15.800,0,8.5,0,2.5,0.3, 
02-mar-1998,0,9.300,0,11.2,0,4.5,1.9, 
03-mar-1998,0,5.500,0,7.4,0,5.2,4.9, 
04-mar-1998,0,23.700,0,7.8,0,2.9,0.0, 
05-mar-1998,0,20.500,4, ,0,2.0,0.0, 
06-mar-1998,0,26.200,4, ,0,4.5,3.6, 
07-mar-1998,0,7.500,4, ,2,6.0,4.8, 
08-mar-1998,0,0.000,4, ,0,5.1,2.6, 
09-mar-1998,0,7.800,4, ,0,2.0,-2.0, 
10-mar-1998,0,4.600,4, ,0,5.8,4.8, 
11-mar-1998,0,1.300,4, ,0,4.5,2.3, 
12-mar-1998,0,0.100,4, ,0,5.4,3.9, 
13-mar-1998,0,0.100,4, ,0,7.2,5.0, 
14-mar-1998,0,0.000,4, ,0,7.6,6.1, 
15-mar-1998,0,0.200,4, ,0,7.2,5.5, 
16-mar-1998,0,3.700,4, ,0,7.4,5.5, 
17-mar-1998,0,0.500,4, ,0,8.7,8.4, 
18-mar-1998,0,0.000,4, ,0,8.4,7.2, 
19-mar-1998,0,0.000,4, ,0,2.6,-2.0, 
20-mar-1998,0,0.000,4, ,0,5.2,3.4, 
21-mar-1998,0,0.000,4, ,0,1.7,-2.2, 
22-mar-1998,0,0.000,4, ,0,5.5,3.5, 
23-mar-1998,0,18.100,4, ,0,7.5,7.0, 
24-mar-1998,0,24.900,4, ,0,7.4,7.0, 
25-mar-1998,0,32.300,4, ,0,8.4,8.9, 
26-mar-1998,0,1.800,4, ,0,9.6,9.5, 
27-mar-1998,0,0.100,4, ,0,7.2,6.4, 
28-mar-1998,0,1.500,4, ,0,10.0,9.4, 
29-mar-1998,0,7.500,4, ,0,5.0,1.6, 
30-mar-1998,0,0.200,4, ,0,7.0,6.3, 
31-mar-1998,0,0.200,4, ,0,8.0,7.4, 
01-apr-1998,0,8.500,4, ,0,8.2,7.1, 
02-apr-1998,0,20.500,4, ,0,2.6,1.4, 
03-apr-1998,0,20.500,4, ,0,6.8,5.6, 
04-apr-1998,0,10.500,4, ,0,7.4,7.0, 
05-apr-1998,0,1.500,4, ,0,6.1,5.9, 
06-apr-1998,0,8.400,4, ,0,6.6,4.5, 
07-apr-1998,0,7.900,4, ,0,7.3,6.5, 
08-apr-1998,0,15.300,4, ,0,3.9,4.8, 
09-apr-1998,0,8.600,4, ,0,2.0,1.0, 
10-apr-1998,0,4.600,4, ,111,0.0,-1.2, 
11-apr-1998,0,9.500,4, ,0,1.4,-0.5, 
12-apr-1998,0,4.700,4, ,0,1.0,-1.0, 
13-apr-1998,0,2.600,4, ,0,0.9,-1.5, 
14-apr-1998,0,0.900,4, ,1,-0.1,-1.6, 
15-apr-1998,0,2.000,4, ,0,1.6,-1.4, 
16-apr-1998,0,4.400,4, ,0,2.2,-0.6, 
17-apr-1998,0,1.900,4, ,0,3.6,1.0, 
18-apr-1998,0,5.700,4, ,0,3.1,0.9, 
19-apr-1998,0,5.700,4, ,0,7.0,6.3, 
20-apr-1998,0,9.700,4, ,0,3.5,1.0, 
21-apr-1998,0,12.000,4, ,0,7.4,6.7, 
22-apr-1998,0,3.500,4, ,0,8.9,8.5, 
23-apr-1998,0,3.100,4, ,0,7.3,5.7, 
24-apr-1998,0,5.900,4, ,0,8.3,7.7, 
25-apr-1998,0,14.500,4, ,0,6.7,6.6, 
26-apr-1998,0,6.100,4, ,0,4.6,4.2, 
27-apr-1998,0,5.200,4, ,0,5.4,2.6, 
28-apr-1998,0,7.200,4, ,0,7.2,6.9, 
29-apr-1998,0,2.000,0,15.5,0,7.4,5.0, 
30-apr-1998,0,0.000,0,15.9,0,7.2,6.6, 
01-may-1998,0,0.000,0,16.1,0,6.3,3.5, 
02-may-1998,0,0.800,0,13.3,0,6.4,7.6, 
03-may-1998,0,1.700,0,12.7,0,8.6,7.0, 
04-may-1998,0,25.000,0,12.1,0,9.0,9.7, 
05-may-1998,0,19.100,0,14.5,0,8.9,7.8, 
06-may-1998,0,18.000,0,12.2,0,8.0,7.1, 
07-may-1998,0,0.600,0,13.1,0,8.0,8.4, 
08-may-1998,0,3.500,0,12.2,0,5.9,5.8, 
09-may-1998,0,0.400,0,13.1,0,8.4,8.9, 
10-may-1998,0,0.900,0,15.1,0,2.6,-1.3, 
11-may-1998,0,1.400,0,16.7,0,8.6,7.5, 
12-may-1998,0,0.000,0,18.0,0,9.7,8.6, 
13-may-1998,0,0.000,0,18.5,0,12.1,10.5, 
14-may-1998,0,0.000,0,17.5,0,10.6,9.6, 
15-may-1998,0,0.000,0,18.5,0,6.6,6.1, 
16-may-1998,0,0.000,0,19.2,0,8.6,9.5, 
17-may-1998,0,0.000,0,20.8,0,6.7,7.1, 
18-may-1998,0,0.000,0,22.7,0,8.5,7.5, 
19-may-1998,0,0.000,0,23.6,0,9.0,8.9, 
20-may-1998,0,0.000,0,18.9,0,8.5,8.8, 
21-may-1998,0,0.000,0,15.1,0,11.4,11.5, 
22-may-1998,0,0.000,0,17.0,0,10.5,8.3, 
23-may-1998,0,0.000,0,13.9,0,11.4,10.8, 
24-may-1998,0,0.000,0,14.8,0,10.9,9.6, 
25-may-1998,0,5.100,0,15.1,0,11.9,10.1, 
26-may-1998,0,0.000,0,13.3,0,8.5,8.6, 
27-may-1998,0,3.500,0,12.0,0,8.4,6.2, 
28-may-1998,0,3.700,0,15.6,0,8.5,7.1, 
29-may-1998,0,2.000,0,14.7,0,8.2,7.0, 
30-may-1998,0,0.000,0,19.7,0,9.9,6.5, 
31-may-1998,0,9.200,0,14.4,0,10.5,8.1, 
01-jun-1998,0,4.500,0,16.0,0,11.0,8.0, 
02-jun-1998,0,0.000,0,15.0,0,10.4,8.0, 
03-jun-1998,0,0.100,0,16.0,0,9.5,7.6, 
04-jun-1998,0,9.500,0,17.7,0,5.7,3.0, 
05-jun-1998,0,7.200,0,17.7,0,11.6,11.4, 
06-jun-1998,0,3.300,0,16.6,0,11.6,11.4, 
07-jun-1998,0,6.200,0,16.1,0,10.0,8.3, 
08-jun-1998,0,19.400,0,15.1,0,8.4,6.6, 
09-jun-1998,0,11.200,0,14.9,0,10.6,11.5, 
10-jun-1998,0,15.800,0,12.2,0,9.9,8.1, 
11-jun-1998,0,1.200,0,14.0,0,8.1,5.8, 
12-jun-1998,0,24.000,0,13.8,0,5.5,2.1, 
13-jun-1998,0,2.100,0,17.8,0,10.0,10.0, 
14-jun-1998,0,0.000,0,17.2,0,9.6,9.6, 
15-jun-1998,0,0.000,0,16.5,0,8.1,7.5, 
16-jun-1998,0,14.500,0,16.7,0,4.4,1.3, 
17-jun-1998,0,15.500,0,15.7,0,9.6,10.4, 
18-jun-1998,0,1.900,0,18.5,0,13.2,13.7, 
19-jun-1998,0,2.300,0,19.5,0,14.2,14.5, 
20-jun-1998,0,4.200,0,19.6,0,9.7,10.2, 
21-jun-1998,0,6.200,0,15.8,0,10.0,6.7, 
22-jun-1998,0,29.700,0,15.2,2,11.8,10.2, 
23-jun-1998,0,29.800,0,15.9,2,11.1,10.0, 
24-jun-1998,0,7.800,0,16.0,2,11.0,9.6, 
25-jun-1998,0,11.900,0,16.1,0,9.8,9.8, 
26-jun-1998,0,12.700,0,15.3,0,8.8,7.4, 
27-jun-1998,0,2.100,0,17.0,0,7.6,6.2, 
28-jun-1998,0,3.600,0,15.9,0,9.8,7.9, 
29-jun-1998,0,0.600,0,17.8,0,10.2,8.9, 
30-jun-1998,0,0.100,0,15.4,0,10.5,10.2, 
01-jul-1998,0,0.000,0,18.1,0,11.0,11.9, 
02-jul-1998,0,0.000,0,18.4,0,9.5,10.1, 
03-jul-1998,0,0.200,0,16.2,0,9.7,9.0, 
04-jul-1998,0,1.100,0,16.8,0,9.0,8.5, 
05-jul-1998,0,0.100,0,15.5,0,12.1,12.9, 
06-jul-1998,0,0.000,0,16.2,0,13.4,13.2, 
07-jul-1998,0,0.000,0,15.6,0,10.0,4.5, 
08-jul-1998,0,10.000,0,15.8,0,13.5,13.4, 
09-jul-1998,0,11.800,0,15.8,0,12.5,12.1, 
10-jul-1998,0,4.700,0,16.1,0,12.7,12.5, 
11-jul-1998,0,9.500,0,17.0,0,12.9,10.2, 
12-jul-1998,0,2.900,0,15.9,0,12.0,13.0, 
13-jul-1998,0,2.000,0,16.3,0,11.4,9.5, 
14-jul-1998,0,1.700,0,15.9,0,12.3,11.9, 
15-jul-1998,0,0.200,0,16.8,0,12.4,11.3, 
16-jul-1998,0,10.100,0,16.6,0,9.3,9.3, 
17-jul-1998,0,9.300,0,15.8,0,11.2,11.1, 
18-jul-1998,0,38.700,0,16.8,0,11.8,10.6, 
19-jul-1998,0,21.000,0,17.2,0,11.9,11.2, 
20-jul-1998,0,30.300,0,15.8,0,14.4,13.9, 
21-jul-1998,0,2.100,0,15.0,0,13.0,12.0, 
22-jul-1998,0,3.800,0,15.2,0,12.7,10.4, 
23-jul-1998,0,3.900,0,16.2,0,12.4,10.5, 
24-jul-1998,0,1.400,0,17.2,0,11.4,10.1, 
25-jul-1998,0,35.600,0,15.8,0,9.8,6.5, 
26-jul-1998,0,4.400,0,16.5,0,13.3,12.5, 
27-jul-1998,0,6.500,0,16.5,0,13.6,13.9, 
28-jul-1998,0,7.300,0,16.4,0,13.5,13.1, 
29-jul-1998,0,6.800,0,15.7,0,13.3,11.9, 
30-jul-1998,0,14.800,0,15.8,0,13.4,11.7, 
31-jul-1998,0,1.400,0,15.6,0,13.4,11.6, 
01-aug-1998,0,0.100,0,15.7,0,12.6,11.7, 
02-aug-1998,0,49.500,0,17.0,0,10.2,7.5, 
03-aug-1998,0,0.100,0,16.9,0,12.6,12.7, 
04-aug-1998,0,0.400,0,18.0,0,14.4,10.6, 
05-aug-1998,0,36.000,0,18.3,0,13.6,14.0, 
06-aug-1998,0,22.800,0,16.8,0,14.5,14.3, 
07-aug-1998,0,23.400,0,17.9,0,15.7,15.2, 
08-aug-1998,0,2.400,0,18.1,0,15.7,14.5, 
09-aug-1998,0,0.100,0,19.8,0,16.0,13.5, 
10-aug-1998,0,2.600,0,20.4,0,12.7,8.5, 
11-aug-1998,0,17.000,0,18.6,0,13.3,9.3, 
12-aug-1998,0,7.500,0,16.4,0,11.9,10.0, 
13-aug-1998,0,5.900,0,17.1,0,13.7,9.8, 
14-aug-1998,0,3.500,0,17.0,0,12.0,10.5, 
15-aug-1998,0,4.300,0,17.2,0,11.9,10.2, 
16-aug-1998,0,29.400,0,17.9,0,13.4,12.9, 
17-aug-1998,0,0.500,0,16.4,0,14.2,11.5, 
18-aug-1998,0,1.400,0,17.6,0,8.5,3.7, 
19-aug-1998,0,1.500,0,17.2,0,14.3,12.6, 
20-aug-1998,0,20.300,0,17.4,0,12.9,12.2, 
21-aug-1998,0,0.700,0,17.6,0,12.8,10.4, 
22-aug-1998,0,19.600,2,16.3,0,11.7,9.6, 
23-aug-1998,0,11.100,0,18.0,0,12.5,11.0, 
24-aug-1998,0,10.300,0,17.0,0,11.9,8.5, 
25-aug-1998,0,2.800,0,17.5,0,13.2,11.6, 
26-aug-1998,0,0.000,0,16.2,0,13.3,10.6, 
27-aug-1998,0,0.000,0,18.5,0,9.7,2.0, 
28-aug-1998,0,0.000,0,17.6,0,7.0,1.6, 
29-aug-1998,0,0.000,0,19.2,0,10.2,5.4, 
30-aug-1998,0,9.300,0,20.3,0,14.0,10.3, 
31-aug-1998,0,20.000,0,17.5,0,15.1,13.2, 
01-sep-1998,0,9.100,0,18.6,0,14.5,11.1, 
02-sep-1998,0,0.000,0,18.0,0,11.1,7.1, 
03-sep-1998,0,8.600,0,18.3,0,7.0,1.0, 
04-sep-1998,0,6.000,0,19.5,0,13.5,11.3, 
05-sep-1998,0,3.600,0,18.3,0,11.8,7.4, 
06-sep-1998,0,13.800,0,18.7,0,15.0,12.9, 
07-sep-1998,0,19.600,0,18.2,0,15.0,13.5, 
08-sep-1998,0,36.000,0,17.6,0,14.0,12.0, 
09-sep-1998,0,23.900,0,16.5,0,14.0,12.8, 
10-sep-1998,0,18.000,2,14.2,0,11.9,10.0, 
11-sep-1998,0,9.300,2,14.2,0,9.4,6.5, 
12-sep-1998,0,3.900,2,13.3,0,8.5,5.7, 
13-sep-1998,0,2.400,2,14.8,0,7.7,4.2, 
14-sep-1998,0,7.300,0,15.5,0,11.5,7.0, 
15-sep-1998,0,1.600,0,15.1,0,11.0,10.0, 
16-sep-1998,0,0.500,2,15.7,0,9.8,9.3, 
17-sep-1998,0,16.500,0,18.1,0,7.5,3.0, 
18-sep-1998,0,0.000,0,19.6,0,13.3,10.6, 
19-sep-1998,0,0.000,0,17.5,0,13.7,11.0, 
20-sep-1998,0,0.000,0,23.9,0,13.5,9.0, 
21-sep-1998,0,0.000,0,23.4,0,13.6,8.8, 
22-sep-1998,0,0.000,0,19.5,0,11.5,7.0, 
23-sep-1998,0,0.000,0,16.6,0,11.0,6.1, 
24-sep-1998,0,0.200,0,19.7,2,11.2,8.0, 
25-sep-1998,0,4.200,2,16.1,2,12.8,12.4, 
26-sep-1998,0,1.200,0,15.0,2,13.0,12.6, 
27-sep-1998,0,0.200,0,15.3,2,12.6,10.8, 
28-sep-1998,0,18.500,0,16.2,2,10.0,5.9, 
29-sep-1998,0,0.000,0,17.0,2,12.4,5.4, 
30-sep-1998,0,1.500,0,15.9,2,10.5,8.0, 
01-oct-1998,0,0.000,0,16.2,0,13.4,11.4, 
02-oct-1998,0,2.500,0,16.9,0,9.7,5.4, 
03-oct-1998,0,6.700,0,15.0,0,12.5,10.2, 
04-oct-1998,0,0.100,0,15.0,0,8.2,4.5, 
05-oct-1998,0,0.000,0,14.5,0,8.9,4.5, 
06-oct-1998,0,0.000,0,16.2,0,8.0,3.2, 
07-oct-1998,0,0.000,0,17.0,0,7.1,1.0, 
08-oct-1998,0,11.300,0,15.6,0,4.7,-1.0, 
09-oct-1998,0,4.700,0,15.2,0,7.9, , 
10-oct-1998,0,6.700,2,15.0,0,10.6, , 
11-oct-1998,0,5.900,0,13.6,0,10.9, , 
12-oct-1998,0,7.100,0,16.1,0,9.5, , 
13-oct-1998,0,11.100,0,16.1,0,10.0, , 
14-oct-1998,0,4.300,0,13.5,0,10.9, , 
15-oct-1998,0,13.400,0,15.8,0,10.0, , 
16-oct-1998,0,12.000,0,15.9,0,10.2,8.7, 
17-oct-1998,0,5.500,0,15.9,0,8.4,6.8, 
18-oct-1998,0,12.000,0,12.3,0,3.1,-2.4, 
19-oct-1998,0,9.800,0,12.1,0,6.0,2.0, 
20-oct-1998,0,90.700,0,15.1,0,7.3,4.5, 
21-oct-1998,0,12.000,0,16.2,0,11.8,10.5, 
22-oct-1998,0,25.200,0,15.6,0,13.8,12.3, 
23-oct-1998,0,35.100,0,15.1,0,8.1,4.2, 
24-oct-1998,0,25.900,0,13.4,0,8.5,5.1, 
25-oct-1998,0,18.300,0,11.2,0,7.9,4.0, 
26-oct-1998,0,18.600,0,14.2,0,6.0,3.5, 
27-oct-1998,0,14.400,0,12.4,0,8.8,6.3, 
28-oct-1998,0,16.000,0,11.1,0,7.8,4.8, 
29-oct-1998,0,11.500,0,11.2,0,6.2,4.0, 
30-oct-1998,0,2.800,0,12.2,0,7.5,4.3, 
31-oct-1998,0,2.700,0,9.1,0,8.1,7.0, 
01-nov-1998,0,25.500,0,10.2,0,5.6,2.9, 
02-nov-1998,0,13.500,0,7.9,0,4.8,3.8, 
03-nov-1998,0,5.100,0,9.7,0,5.0,4.0, 
04-nov-1998,0,8.000,0,10.0,0,4.5,1.4, 
05-nov-1998,0,4.100,0,11.5,0,5.9,4.4, 
06-nov-1998,0,0.600,0,13.0,0,8.0,4.9, 
07-nov-1998,0,37.300,0,13.5,0,10.0,8.9, 
08-nov-1998,0,24.400,0,16.0,0,10.2,9.4, 
09-nov-1998,0,12.000,0,11.9,0,10.5,8.9, 
10-nov-1998,0,1.100,0,10.9,0,5.5,2.2, 
11-nov-1998,0,44.500,0,10.9,0,7.6,3.5, 
12-nov-1998,0,1.000,0,9.5,0,8.0,5.7, 
13-nov-1998,0,19.800,0,9.6,0,2.0,-2.9, 
14-nov-1998,0,1.400,0,10.1,0,4.0,2.6, 
15-nov-1998,0,0.100,0,9.3,0,2.5,-1.6, 
16-nov-1998,0,17.000,0,10.0,0,0.2,-4.5, 
17-nov-1998,0,0.000,0,10.8,0,3.9,2.5, 
18-nov-1998,0,3.200,0,9.9,0,4.6,0.2, 
19-nov-1998,0,4.500,0,11.6,0,6.0,5.2, 
20-nov-1998,0,23.300,0,13.0,0,8.8,6.9, 
21-nov-1998,0,34.900,0,13.2,0,10.8,10.0, 
22-nov-1998,0,0.700,0,10.9,0,7.5,4.0, 
23-nov-1998,0,23.500,0,11.7,0,2.0,-2.0, 
24-nov-1998,0,3.000,0,11.0,0,7.5,4.5, 
25-nov-1998,0,6.300,0,12.4,0,8.4,5.8, 
26-nov-1998,0,7.200,0,12.2,0,8.1,4.5, 
27-nov-1998,0,15.600,0,12.9,0,10.9,9.6, 
28-nov-1998,0,6.800,0,10.0,0,7.2,4.6, 
29-nov-1998,0,0.600,0,10.9,0,5.5,2.5, 
30-nov-1998,0,3.300,0,10.2,0,7.5,3.6, 
01-dec-1998,0,0.300,0,10.0,0,7.6,6.6, 
02-dec-1998,0,0.800,0,8.5,0,5.2,4.5, 
03-dec-1998,0,3.800,0,9.6,0,5.3,3.1, 
04-dec-1998,0,1.200,2,7.5,0,4.5,0.6, 
05-dec-1998,0,1.700,2,9.5,0,2.9,-1.2, 
06-dec-1998,0,1.400,0,13.6,0,7.5,6.1, 
07-dec-1998,0,23.600,0,13.7,0,8.0,6.3, 
08-dec-1998,0,1.000,0,11.4,0,10.4,7.0, 
09-dec-1998,0,33.600,0,13.5,0,8.4,4.3, 
10-dec-1998,0,2.800,0,11.2,0,9.5,7.2, 
11-dec-1998,0,18.700,0,13.9,0,6.6,2.8, 
12-dec-1998,0,10.500,0,11.0,0,8.5,6.5, 
13-dec-1998,0,23.900,0,15.0,0,7.5,3.6, 
14-dec-1998,0,2.600,0,12.0,0,8.5,8.6, 
15-dec-1998,0,0.900,0,12.2,0,7.5,2.4, 
16-dec-1998,0,10.200,0,13.7,0,7.5,4.3, 
17-dec-1998,0,13.900,0,12.4,0,11.5,9.5, 
18-dec-1998,0,8.500,0,8.4,0,6.3,2.9, 
19-dec-1998,0,2.000,0,7.5,0,5.0,2.5, 
20-dec-1998,0,3.000,0,7.8,0,1.5,-2.8, 
21-dec-1998,0,2.200,0,10.5,0,0.6,-3.6, 
22-dec-1998,0,16.500,0,9.9,0,4.5,-0.6, 
23-dec-1998,0,15.900,0,11.6,0,3.2,-0.6, 
24-dec-1998,0,4.600,0,12.8,0,2.8,0.0, 
25-dec-1998,0,33.800,2,8.5,0,6.5,4.5, 
26-dec-1998,0,12.700,0,12.5,0,3.2,-0.2, 
27-dec-1998,0,12.800,2,3.7,0,0.5,-1.1, 
28-dec-1998,0,28.000,0,9.6,0,0.2,-1.7, 
29-dec-1998,0,25.200,0,11.4,0,3.0,-0.5, 
30-dec-1998,0,4.900,0,7.9,0,5.5,-2.5, 
31-dec-1998,0,10.100,0,8.8,0,5.5,2.0, 
01-jan-1999,0,39.300,0,9.1,0,5.6,2.4, 
02-jan-1999,0,14.700,0,8.4,0,5.5,3.5, 
03-jan-1999,0,12.500,0,11.7,0,4.5,1.7, 
04-jan-1999,0,5.100,0,8.9,0,5.9,2.6, 
05-jan-1999,0,4.100,0,9.8,0,3.3,2.2, 
06-jan-1999,0,8.900,0,9.6,0,4.9,1.5, 
07-jan-1999,0,11.300,0,8.1,0,4.0,-0.4, 
08-jan-1999,0,3.100,0,7.0,0,4.1,0.6, 
09-jan-1999,0,0.300,0,6.4,0,3.9,0.8, 
10-jan-1999,0,0.000,0,6.3,1,-2.1,-7.0, 
11-jan-1999,0,20.700,0,9.6,1,-3.2,-10.4, 
12-jan-1999,0,11.100,0,11.2,1,-2.7,-6.6, 
13-jan-1999,0,5.500,0,11.4,0,5.7,2.7, 
14-jan-1999,0,18.400,0,12.4,0,5.5,2.6, 
15-jan-1999,0,14.100,0,12.1,0,7.5,4.6, 
16-jan-1999,0,16.900,0,8.0,0,1.3,-0.6, 
17-jan-1999,0,32.800,0,8.5,0,2.1,0.0, 
18-jan-1999,0,11.000,0,10.9,0,2.8,0.4, 
19-jan-1999,0,5.600,0,9.5,2,5.9,4.6, 
20-jan-1999,0,5.300,0,7.6,0,5.5,0.6, 
21-jan-1999,0,1.200,0,8.4,0,3.5,-1.0, 
22-jan-1999,0,18.300,0,9.5,0,3.0,-1.4, 
23-jan-1999,0,4.300,0,9.9,0,6.6,5.0, 
24-jan-1999,0,36.700,0,11.3,0,6.5,3.1, 
25-jan-1999,0,16.000,0,7.6,0,3.6,1.9, 
26-jan-1999,0,2.900,0,10.8,0,3.6,1.5, 
27-jan-1999,0,5.600,0,12.1,0,4.4,1.8, 
28-jan-1999,0,2.100,0,11.4,0,10.1,8.0, 
29-jan-1999,0,0.300,0,11.6,0,9.3,7.4, 
30-jan-1999,0,0.100,0,10.7,0,7.5,5.6, 
31-jan-1999,4,0.000,0,9.7,0,8.0,6.7, 
01-feb-1999,0,0.900,0,10.6,0,7.8,7.0, 
02-feb-1999,0,5.100,0,12.0,0,7.0,2.4, 
03-feb-1999,0,3.200,0,11.9,0,9.1,7.6, 
04-feb-1999,0,0.400,0,11.2,0,10.0,7.1, 
05-feb-1999,0,1.000,0,9.3,0,7.6,5.0, 
06-feb-1999,0,5.700,0,10.6,0,7.9,5.4, 
07-feb-1999,0,18.100,0,9.4,0,3.2,0.4, 
08-feb-1999,0,2.100,0,9.4,0,3.6,1.3, 
09-feb-1999,0,2.300,0,5.7,0,1.0,-2.4, 
10-feb-1999,0,0.900,0,7.9,0,1.9,-2.0, 
11-feb-1999,0,6.000,0,8.7,0,0.5,-3.2, 
12-feb-1999,0,0.200,0,9.6,0,3.2,2.2, 
13-feb-1999,0,9.100,0,10.7,0,2.7,-2.0, 
14-feb-1999,0,0.200,0,10.6,0,7.2,5.8, 
15-feb-1999,0,3.700,0,10.6,0,7.2,4.0, 
16-feb-1999,0,3.000,0,9.6,0,5.6,2.6, 
17-feb-1999,0,4.900,0,11.7,0,6.6,3.3, 
18-feb-1999,0,11.900,0,11.8,0,8.7,7.0, 
19-feb-1999,0,1.800,0,9.0,0,6.9,4.1, 
20-feb-1999,0,14.500,0,9.5,0,6.3,2.5, 
21-feb-1999,0,7.600,0,8.4,0,7.0,4.6, 
22-feb-1999,0,2.100,0,8.8,0,2.9,-0.2, 
23-feb-1999,0,21.700,0,10.4,0,4.0,1.5, 
24-feb-1999,0,0.000,0,12.9,0,5.6,4.4, 
25-feb-1999,0,2.000,0,12.6,0,8.7,6.5, 
26-feb-1999,0,8.000,0,8.7,0,7.5,3.4, 
27-feb-1999,0,15.500,0,10.4,0,2.2,-0.2, 
28-feb-1999,0,18.300,0,11.8,0,4.2,0.8, 
01-mar-1999,0,22.100,0,12.1,2,7.1,5.5, 
02-mar-1999,0,17.000,0,12.0,0,9.3,7.5, 
03-mar-1999,0,11.500,0,9.0,0,3.9,1.0, 
04-mar-1999,0,20.500,0,5.6,0,3.4,1.0, 
05-mar-1999,0,10.700,0,5.6,0,2.2,-0.3, 
06-mar-1999,0,0.500,0,7.1,0,1.5,-2.0, 
07-mar-1999,0,0.300,0,7.8,0,0.8,-2.8, 
08-mar-1999,0,1.200,0,7.4,0,3.5,2.0, 
09-mar-1999,0,0.000,0,8.9,0,1.0,-2.7, 
10-mar-1999,0,0.000,0,9.5,1,-1.6,-5.9, 
11-mar-1999,0,2.000,0,9.9,0,3.5,-1.3, 
12-mar-1999,0,4.200,0,9.6,0,4.8,3.4, 
13-mar-1999,0,4.600,0,10.4,0,3.2,2.0, 
14-mar-1999,0,20.700,0,10.5,0,3.1,2.6, 
15-mar-1999,0,32.500,0,11.2,0,8.5,6.3, 
16-mar-1999,0,0.000,0,11.8,0,9.2,7.4, 
17-mar-1999,0,3.800,0,13.0,0,8.9,6.6, 
18-mar-1999,0,0.200,0,9.6,0,6.7,2.9, 
19-mar-1999,0,1.300,0,11.8,0,7.7,3.9, 
20-mar-1999,0,5.300,0,10.5,0,6.1,3.2, 
21-mar-1999,0,0.900,0,11.1,0,7.4,5.4, 
22-mar-1999,0,3.500,0,11.6,0,6.7,4.9, 
23-mar-1999,0,5.300,0,11.4,0,9.5,8.0, 
24-mar-1999,0,1.500,0,9.7,0,6.9,3.5, 
25-mar-1999,0,1.200,0,9.8,0,1.2,-2.8, 
26-mar-1999,0,0.000,0,9.9,0,3.1,-1.5, 
27-mar-1999,0,13.600,0,11.6,0,1.3,-2.6, 
28-mar-1999,0,21.400,0,11.9,0,1.4,1.6, 
29-mar-1999,0,0.000,0,12.0,0,9.2,6.4, 
30-mar-1999,0,2.200,0,12.5,0,7.7,3.9, 
31-mar-1999,0,21.000,0,14.2,0,4.2,-1.0, 
01-apr-1999,0,3.300,0,14.7,0,8.7,6.4, 
02-apr-1999,0,2.000,0,15.0,0,9.0,6.0, 
03-apr-1999,0,5.700,0,15.6,0,7.7,4.0, 
04-apr-1999,0,19.500,0,14.6,0,8.2,6.0, 
05-apr-1999,0,29.200,0,12.2,0,11.2,9.3, 
06-apr-1999,0,10.400,0,11.4,0,8.9,6.9, 
07-apr-1999,0,1.300,0,12.0,0,8.8,5.0, 
08-apr-1999,0,0.000,0,12.2,0,9.8,9.2, 
09-apr-1999,0,8.000,0,12.7,0,10.4,8.1, 
10-apr-1999,0,3.100,0,12.6,0,7.5,4.2, 
11-apr-1999,0,30.800,0,11.1,0,7.6,2.7, 
12-apr-1999,0,5.000,0,10.5,0,8.0,4.6, 
13-apr-1999,0,12.700,0,9.2,0,5.4,4.1, 
14-apr-1999,0,6.100,0,7.9,0,0.5,-1.2, 
15-apr-1999,0,1.200,0,8.3,0,3.0,0.2, 
16-apr-1999,0,2.800,0,9.6,1,-1.1,-6.5, 
17-apr-1999,0,5.300,0,8.2,1,-0.5,-5.0, 
18-apr-1999,0,4.300,0,10.6,0,0.6,-1.3, 
19-apr-1999,0,19.700,0,10.6,0,3.8,-1.5, 
20-apr-1999,0,15.400,0,13.5,0,7.2,3.9, 
21-apr-1999,0,7.800,0,11.2,0,9.1,7.1, 
22-apr-1999,0,11.600,0,11.4,0,7.4,5.2, 
23-apr-1999,0,5.000,0,12.6,0,7.2,5.3, 
24-apr-1999,0,23.700,0,13.8,0,8.0,6.1, 
25-apr-1999,0,10.300,0,15.6,0,6.8,3.1, 
26-apr-1999,0,0.300,0,16.2,0,9.5,8.0, 
27-apr-1999,0,0.000,0,19.5,0,9.7,4.6, 
28-apr-1999,0,0.000,0,20.5,0,6.8,1.4, 
29-apr-1999,0,0.000,0,16.4,0,7.0,2.0, 
30-apr-1999,0,0.000,0,17.2,0,9.6,2.3, 
01-may-1999,0,0.000,0,13.6,0,8.1,4.6, 
02-may-1999,0,0.000,0,13.7,0,10.1,8.2, 
03-may-1999,0,0.000,0,17.6,0,10.1,8.0, 
04-may-1999,0,1.000,0,20.4,0,8.9,5.8, 
05-may-1999,0,0.500,0,16.1,0,10.0,7.0, 
06-may-1999,0,6.000,0,16.7,0,11.1,7.9, 
07-may-1999,0,0.000,0,16.7,0,10.7,5.7, 
08-may-1999,0,5.500,0,15.3,0,11.3,6.1, 
09-may-1999,0,7.800,0,16.6,0,9.5,5.2, 
10-may-1999,0,29.700,0,15.2,0,11.0,8.5, 
11-may-1999,0,16.800,0,14.6,0,10.1,8.0, 
12-may-1999,0,18.200,0,13.4,0,10.2,8.8, 
13-may-1999,0,0.700,0,14.5,0,9.1,5.9, 
14-may-1999,0,0.200,0,14.8,0,9.8,6.7, 
15-may-1999,0,0.000,0,12.8,0,7.5,3.7, 
16-may-1999,0,0.000,0,15.1,0,9.4,7.4, 
17-may-1999,0,0.000,0,16.4,0,9.0,6.1, 
18-may-1999,0,0.000,0,18.2,0,5.5,4.0, 
19-may-1999,0,0.000,0,18.8,0,10.1,6.5, 
20-may-1999,0,1.800,0,16.2,0,9.5,6.6, 
21-may-1999,0,1.600,0,11.7,0,10.2,8.1, 
22-may-1999,0,2.800,0,12.8,0,7.9,5.7, 
23-may-1999,0,5.400,0,12.6,0,10.7,9.1, 
24-may-1999,0,0.600,0,13.7,0,9.2,7.0, 
25-may-1999,0,12.000,0,15.1,0,9.3,6.8, 
26-may-1999,0,1.300,0,15.5,0,11.0,10.6, 
27-may-1999,0,12.300,0,16.5,0,11.9,10.5, 
28-may-1999,0,8.300,2,14.0,0,13.0,11.5, 
29-may-1999,0,0.200,0,14.5,0,9.3,7.2, 
30-may-1999,0,0.000,0,16.0,0,9.5,7.4, 
31-may-1999,0,0.000,0,16.3,0,7.5,7.3, 
01-jun-1999,0,0.000,0,18.1,0,7.2,4.7, 
02-jun-1999,0,0.000,0,19.0,0,9.5,8.6, 
03-jun-1999,0,10.400,0,17.4,0,10.9,10.0, 
04-jun-1999,0,11.700,0,13.6,0,8.9,7.7, 
05-jun-1999,0,5.800,0,14.6,0,6.6,5.7, 
06-jun-1999,0,1.500,0,12.9,2,8.5,7.8, 
07-jun-1999,0,0.000,0,14.1,0,7.2,8.2, 
08-jun-1999,0,0.100,0,14.9,0,4.6,1.0, 
09-jun-1999,0,0.000,0,13.6,0,7.0,5.8, 
10-jun-1999,0,0.000,0,15.3,0,10.0,9.7, 
11-jun-1999,0,0.000,0,13.8,0,9.0,7.2, 
12-jun-1999,0,0.600,0,13.8,0,9.4,9.5, 
13-jun-1999,0,6.000,0,16.4,0,11.0,9.8, 
14-jun-1999,0,0.800,0,16.7,0,13.0,12.5, 
15-jun-1999,0,15.000,0,16.2,0,10.8,9.7, 
16-jun-1999,0,8.700,0,15.5,0,12.4,12.9, 
17-jun-1999,0,1.200,0,17.3,0,10.2,9.8, 
18-jun-1999,0,5.100,0,14.9,0,12.7,11.7, 
19-jun-1999,0,39.300,0,15.0,0,12.0,10.2, 
20-jun-1999,0,3.100,0,13.2,0,10.2,7.8, 
21-jun-1999,0,1.200,0,14.1,0,8.6,7.5, 
22-jun-1999,0,3.400,0,13.9,0,10.2,9.5, 
23-jun-1999,0,0.200,0,17.1,0,11.3,9.8, 
24-jun-1999,0,0.000,0,19.4,0,7.7,3.9, 
25-jun-1999,0,8.200,0,20.4,0,9.1,4.8, 
26-jun-1999,0,12.000,0,14.8,0,13.1,9.5, 
27-jun-1999,0,24.800,0,13.9,0,10.2,9.4, 
28-jun-1999,0,1.000,0,15.4,0,9.2,8.0, 
29-jun-1999,0,1.300,0,14.5,0,7.7,4.1, 
30-jun-1999,0,0.000,0,17.1,0,10.7,9.4, 
01-jul-1999,0,9.100,0,19.3,0,11.4,8.8, 
02-jul-1999,0,0.900,0,21.4,0,15.0,14.7, 
03-jul-1999,0,8.600,0,18.4,0,14.8,13.8, 
04-jul-1999,0,4.100,0,19.4,0,13.8,13.5, 
05-jul-1999,0,0.200,0,20.7,0,13.0,10.0, 
06-jul-1999,0,2.100,0,16.6,0,13.9,12.2, 
07-jul-1999,0,0.600,0,19.2,0,13.9,14.0, 
08-jul-1999,0,0.000,0,26.2,0,15.5,15.5, 
09-jul-1999,0,0.000,0,24.1,0,15.1,16.5, 
10-jul-1999,0,0.000,0,18.9,0,15.0,13.2, 
11-jul-1999,0,0.000,0,23.5,0,12.5,10.7, 
12-jul-1999,0,12.700,0,21.5,0,14.6,13.0, 
13-jul-1999,0,2.100,0,15.5,0,12.6,12.9, 
14-jul-1999,0,2.800,0,15.2,0,11.5,10.5, 
15-jul-1999,0,2.400,0,15.7,0,12.0,11.2, 
16-jul-1999,0,32.500,0,16.9,0,13.0,12.7, 
17-jul-1999,0,1.100,0,17.3,0,14.1,13.8, 
18-jul-1999,0,10.100,0,18.4,0,12.1,12.1, 
19-jul-1999,0,28.100,0,16.1,0,13.8,14.5, 
20-jul-1999,0,5.200,0,14.1,0,12.7,12.5, 
21-jul-1999,0,1.700,0,15.4,0,12.5,9.9, 
22-jul-1999,0,0.300,0,18.9,0,11.4,10.3, 
23-jul-1999,0,4.200,0,20.2,0,13.3,13.0, 
24-jul-1999,0,1.800,0,17.2,0,15.0,13.9, 
25-jul-1999,0,0.000,0,15.0,0,12.0,12.2, 
26-jul-1999,0,0.000,0,21.6,0,11.2,9.9, 
27-jul-1999,0,0.000,0,19.9,0,10.5,9.5, 
28-jul-1999,0,0.000,0,23.0,0,12.4,8.7, 
29-jul-1999,0,0.000,0,22.2,0,12.5,8.3, 
30-jul-1999,0,0.000,0,21.2,0,14.7,11.1, 
31-jul-1999,0,0.000,0,22.5,0,15.2,13.3, 
01-aug-1999,0,15.200,0,19.8,0,12.9,9.1, 
02-aug-1999,0,9.100,0,21.2,4, , , 
03-aug-1999,0,0.000,0,24.7,4, , , 
04-aug-1999,0,9.200,0,22.0,4, , , 
05-aug-1999,1,6.800,0,21.4,4, , , 
06-aug-1999,1,13.700,0,22.6,4, , , 
07-aug-1999,0,1.200,0,22.4,4, , , 
08-aug-1999,0,0.000,0,19.4,4, , , 
09-aug-1999,0,1.600,0,19.8,4, , , 
10-aug-1999,0,0.000,0,19.7,4, , , 
11-aug-1999,0,0.000,0,19.7,4, , , 
12-aug-1999,0,9.800,0,19.1,4, , , 
13-aug-1999,0,10.900,0,18.2,4, , , 
14-aug-1999,0,2.600,0,17.3,4, , , 
15-aug-1999,0,5.900,0,16.3,4, , , 
16-aug-1999,0,10.400,0,16.3,4, , , 
17-aug-1999,0,4.200,0,18.2,4, , , 
18-aug-1999,0,3.200,0,15.7,4, , , 
19-aug-1999,0,0.000,0,18.8,4, , , 
20-aug-1999,0,0.000,0,18.7,4, , , 
21-aug-1999,0,0.000,0,19.8,4, , , 
22-aug-1999,0,0.500,0,16.8,4, , , 
23-aug-1999,0,6.100,0,16.9,4, , , 
24-aug-1999,0,18.200,0,17.9,4, , , 
25-aug-1999,0,23.700,0,19.8,4, , , 
26-aug-1999,0,4.400,0,19.9,4, , , 
27-aug-1999,0,0.200,0,19.8,4, , , 
28-aug-1999,0,8.000,0,18.7,4, , , 
29-aug-1999,0,0.000,0,17.4,4, , , 
30-aug-1999,0,0.700,0,17.0,4, , , 
31-aug-1999,0,6.200,0,17.1,0,14.2,12.9, 
01-sep-1999,0,1.000,0,18.5,0,15.1,14.7, 
02-sep-1999,0,1.500,0,18.2,0,15.4,12.9, 
03-sep-1999,0,5.800,0,18.5,0,16.4,15.3, 
04-sep-1999,0,0.500,0,19.0,0,16.3,16.2, 
05-sep-1999,0,33.700,0,18.3,0,15.7,15.2, 
06-sep-1999,0,5.800,0,15.4,0,12.9,13.2, 
07-sep-1999,0,62.000,0,18.9,0,9.1,4.7, 
08-sep-1999,0,6.800,0,16.2,0,12.8,12.5, 
09-sep-1999,0,1.600,0,16.4,0,10.5,8.1, 
10-sep-1999,0,33.600,0,17.5,0,12.7,11.8, 
11-sep-1999,0,2.100,0,15.4,0,10.1,10.5, 
12-sep-1999,0,6.300,0,14.9,0,5.9,1.6, 
13-sep-1999,0,2.100,0,14.7,0,6.8,3.1, 
14-sep-1999,0,6.200,0,16.2,0,5.4,1.2, 
15-sep-1999,0,21.800,0,17.1,0,10.7,11.7, 
16-sep-1999,0,11.200,0,15.9,0,7.6,5.2, 
17-sep-1999,0,28.700,0,15.9,0,10.7,9.8, 
18-sep-1999,0,2.800,0,17.5,0,12.0,10.3, 
19-sep-1999,0,0.800,0,18.1,0,13.4,10.6, 
20-sep-1999,0,6.400,0,15.3,0,12.4,12.4, 
21-sep-1999,0,18.100,0,15.1,0,13.4,13.5, 
22-sep-1999,0,6.900,0,18.3,0,11.7,9.6, 
23-sep-1999,0,15.400,0,16.1,0,13.2,11.5, 
24-sep-1999,0,0.200,0,15.8,0,12.7,12.5, 
25-sep-1999,0,0.400,0,17.7,0,11.9,12.0, 
26-sep-1999,0,0.000,0,16.2,0,10.1,9.2, 
27-sep-1999,0,2.500,0,17.2,0,9.3,7.4, 
28-sep-1999,0,11.200,0,14.8,0,6.6,4.2, 
29-sep-1999,0,3.500,0,17.4,0,11.9,11.7, 
30-sep-1999,0,8.000,0,17.4,0,11.2,8.6, 
01-oct-1999,0,17.500,0,13.2,0,10.5,8.2, 
02-oct-1999,0,8.000,0,13.3,0,7.5,2.5, 
03-oct-1999,0,4.800,0,13.0,0,8.6,6.6, 
04-oct-1999,0,1.100,0,13.4,0,5.1,4.9, 
05-oct-1999,0,0.100,0,13.7,0,4.6,2.0, 
06-oct-1999,0,12.500,0,13.3,0,7.9,6.5, 
07-oct-1999,0,27.100,0,14.9,0,10.4,9.1, 
08-oct-1999,0,7.700,0,14.6,0,12.6,11.6, 
09-oct-1999,0,20.000,0,15.8,0,11.4,11.0, 
10-oct-1999,0,2.500,0,14.8,0,11.2,11.4, 
11-oct-1999,0,0.000,0,14.1,0,8.8,6.6, 
12-oct-1999,0,0.200,0,14.0,0,5.5,4.0, 
13-oct-1999,0,0.800,0,14.4,0,8.4,8.0, 
14-oct-1999,0,0.300,0,15.1,0,9.5,7.9, 
15-oct-1999,0,0.700,0,13.7,0,10.3,8.2, 
16-oct-1999,0,0.000,0,15.7,0,11.6,10.6, 
17-oct-1999,0,0.000,0,16.8,0,12.8,12.0, 
18-oct-1999,0,0.000,0,16.8,0,9.7,7.0, 
19-oct-1999,0,0.000,0,11.5,0,7.5,4.8, 
20-oct-1999,0,3.100,0,11.1,0,7.7,4.6, 
21-oct-1999,0,9.200,0,12.7,0,8.6,5.4, 
22-oct-1999,0,1.500,0,16.3,0,10.1,8.7, 
23-oct-1999,0,10.600,0,14.0,0,11.7,9.8, 
24-oct-1999,0,1.300,0,13.2,0,9.8,9.2, 
25-oct-1999,0,6.700,0,13.4,0,10.9,9.6, 
26-oct-1999,0,0.200,0,13.1,0,10.1,9.2, 
27-oct-1999,0,16.500,0,13.2,0,10.5,9.2, 
28-oct-1999,0,0.100,0,13.4,0,6.8,6.7, 
29-oct-1999,0,9.600,0,16.7,0,7.7,4.7, 
30-oct-1999,0,7.600,0,12.4,0,9.5,8.9, 
31-oct-1999,0,45.900,0,13.6,0,8.2,6.4, 
01-nov-1999,0,8.500,0,12.2,0,9.6,8.4, 
02-nov-1999,0,3.500,0,13.5,0,7.2,5.5, 
03-nov-1999,0,5.900,0,13.6,0,9.2,7.2, 
04-nov-1999,0,64.000,0,12.8,0,9.5,9.7, 
05-nov-1999,0,3.900,0,9.6,0,7.1,6.2, 
06-nov-1999,0,0.100,0,11.8,0,5.6,4.1, 
07-nov-1999,0,1.400,0,13.3,0,7.4,5.3, 
08-nov-1999,0,0.200,0,13.2,0,11.0,9.7, 
09-nov-1999,0,0.000,0,14.0,0,4.5,3.9, 
10-nov-1999,0,0.000,0,10.8,0,4.8,4.5, 
11-nov-1999,0,0.000,0,9.2,0,4.2,3.9, 
12-nov-1999,0,0.000,0,8.5,0,7.0,6.0, 
13-nov-1999,0,0.000,0,10.8,0,6.2,4.5, 
14-nov-1999,0,8.900,0,11.4,0,8.4,6.3, 
15-nov-1999,0,6.800,0,9.5,0,7.8,7.5, 
16-nov-1999,0,4.800,0,9.3,0,5.6,4.5, 
17-nov-1999,0,24.700,0,11.9,0,5.7,4.8, 
18-nov-1999,0,0.300,0,9.5,0,7.5,7.2, 
19-nov-1999,0,0.000,0,9.4,0,6.9,4.5, 
20-nov-1999,0,0.000,0,9.2,0,2.1,1.6, 
21-nov-1999,0,8.400,0,10.9,0,1.7,0.6, 
22-nov-1999,0,5.900,0,11.6,0,5.8,4.0, 
23-nov-1999,0,20.000,0,12.4,0,9.5,8.3, 
24-nov-1999,0,1.800,0,10.9,0,6.7,4.5, 
25-nov-1999,0,29.900,0,12.9,0,8.0,7.0, 
26-nov-1999,0,2.900,0,9.9,0,6.4,5.6, 
27-nov-1999,0,93.300,2,10.9,0,5.3,2.2, 
28-nov-1999,0,34.000,0,11.8,0,5.5,5.8, 
29-nov-1999,0,1.400,0,12.2,0,3.9,2.8, 
30-nov-1999,0,4.800,0,12.5,0,6.8,3.5, 
01-dec-1999,0,9.800,0,9.9,0,9.2,7.0, 
02-dec-1999,0,18.200,0,12.2,0,6.2,4.4, 
03-dec-1999,0,3.500,0,7.3,0,5.4,3.2, 
04-dec-1999,0,2.100,0,8.4,0,3.4,0.5, 
05-dec-1999,0,4.500,0,12.5,0,3.6,2.1, 
06-dec-1999,0,8.600,0,12.4,0,8.0,7.7, 
07-dec-1999,0,22.200,0,10.7,0,5.2,0.4, 
08-dec-1999,0,17.500,0,8.9,0,5.6,1.6, 
09-dec-1999,0,24.700,0,7.7,0,6.2,4.2, 
10-dec-1999,0,22.200,0,11.2,0,5.0,3.0, 
11-dec-1999,0,9.800,0,11.1,0,4.5, , 
12-dec-1999,0,6.100,0,7.2,0,4.5, , 
13-dec-1999,0,10.700,0,5.0,0,2.2, , 
14-dec-1999,0,1.400,0,6.1,0,0.9, , 
15-dec-1999,0,0.400,0,8.7,0,0.8, , 
16-dec-1999,0,39.200,0,11.4,0,3.4, , 
17-dec-1999,0,3.600,0,8.0,0,7.4, , 
18-dec-1999,0,2.900,0,4.8,0,3.2, , 
19-dec-1999,0,0.200,0,5.2,0,2.2, , 
20-dec-1999,0,26.200,0,9.7,1,-1.0,-3.2, 
21-dec-1999,0,42.700,0,10.4,2,3.7,3.6, 
22-dec-1999,0,10.700,0,9.2,0,5.3,4.6, 
23-dec-1999,0,54.400,0,10.6,0,4.6,3.2, 
24-dec-1999,0,31.000,0,8.9,0,6.9,4.8, 
25-dec-1999,0,20.000,0,7.0,0,2.2,0.0, 
26-dec-1999,0,18.500,0,8.2,0,2.3,0.2, 
27-dec-1999,0,3.100,0,5.9,0,2.5,0.5, 
28-dec-1999,0,1.700,0,7.7,0,2.0,0.4, 
29-dec-1999,0,22.500,0,10.9,0,3.9,1.4, 
30-dec-1999,0,4.200,0,11.2,0,5.2,3.6, 
31-dec-1999,1,6.500,0,10.9,0,5.2,4.6, 
01-jan-2000,0,1.000,0,11.1,0,4.5,3.8, 
02-jan-2000,0,8.800,0,11.2,0,6.0,1.0, 
03-jan-2000,0,9.300,0,9.2,0,6.0,4.3, 
04-jan-2000,0,34.600,0,10.3,0,3.6,1.2, 
05-jan-2000,0,13.900,0,10.6,0,2.6,0.4, 
06-jan-2000,0,12.800,0,11.1,0,4.1,2.5, 
07-jan-2000,0,13.900,0,11.2,0,5.0,1.7, 
08-jan-2000,0,5.900,0,6.8,0,3.0,0.9, 
09-jan-2000,0,13.300,0,10.2,0,3.5,0.6, 
10-jan-2000,0,3.900,0,10.4,0,6.0,4.1, 
11-jan-2000,0,19.400,0,9.2,0,7.0,4.2, 
12-jan-2000,0,5.700,0,6.8,0,4.2,3.8, 
13-jan-2000,0,3.800,0,7.2,0,3.6,0.6, 
14-jan-2000,0,0.000,0,6.2,0,3.9,1.5, 
15-jan-2000,4,0.000,0,6.4,0,2.7,0.0, 
16-jan-2000,4,0.000,0,8.6,0,2.7,0.3, 
17-jan-2000,0,0.000,0,9.2,0,2.7,0.7, 
18-jan-2000,0,0.000,0,7.5,0,4.0,2.9, 
19-jan-2000,0,0.400,0,7.7,0,1.0,0.5, 
20-jan-2000,0,0.400,0,9.0,0,3.4,2.4, 
21-jan-2000,0,0.000,0,9.1,0,5.7,4.1, 
22-jan-2000,0,0.000,0,9.1,0,5.8,4.2, 
23-jan-2000,4,0.000,0,8.0,0,5.4,2.8, 
24-jan-2000,0,0.000,0,9.6,0,3.0,1.9, 
25-jan-2000,0,0.000,0,3.6,1,-1.2,-2.3, 
26-jan-2000,0,1.000,0,6.9,1,-1.1,-2.8, 
27-jan-2000,0,7.400,0,9.3,1,-2.3,-3.0, 
28-jan-2000,0,20.600,0,11.4,0,3.5,3.4, 
29-jan-2000,0,31.900,0,11.2,0,9.0,3.5, 
30-jan-2000,0,7.100,0,11.6,0,8.8,7.9, 
31-jan-2000,0,38.100,0,11.6,0,9.0,7.4, 
01-feb-2000,0,0.700,4, ,4, ,7.1, 
02-feb-2000,0,3.800,4, ,4, ,3.3, 
03-feb-2000,0,19.200,4, ,4, ,4.8, 
04-feb-2000,0,8.900,4, ,4, ,8.5, 
05-feb-2000,0,5.600,4, ,4, ,9.0, 
06-feb-2000,0,28.800,4, ,4, ,9.5, 
07-feb-2000,0,3.800,4, ,4, ,4.0, 
08-feb-2000,0,5.000,4, ,4, ,1.9, 
09-feb-2000,0,30.000,4, ,0,3.9,0.3, 
10-feb-2000,0,3.100,4, ,0,2.8,0.3, 
11-feb-2000,0,15.500,4, ,0,4.5,1.9, 
12-feb-2000,0,9.600,4, ,0,2.5,0.9, 
13-feb-2000,0,12.000,4, ,0,3.9,0.1, 
14-feb-2000,0,8.700,4, ,0,4.9,1.5, 
15-feb-2000,0,13.800,4, ,0,4.5,3.0, 
16-feb-2000,0,4.900,4, ,0,1.3,0.0, 
17-feb-2000,0,18.700,4, ,0,4.0,0.2, 
18-feb-2000,0,8.200,4, ,0,5.6,5.2, 
19-feb-2000,0,1.500,4, ,0,4.3,2.5, 
20-feb-2000,0,27.900,4, ,0,4.4,2.6, 
21-feb-2000,0,6.400,4, ,0,4.1,2.0, 
22-feb-2000,0,4.900,4, ,0,5.1,3.9, 
23-feb-2000,0,6.600,4, ,0,7.7,7.1, 
24-feb-2000,0,5.200,4, ,0,4.2,2.1, 
25-feb-2000,0,3.100,4, ,0,4.5,1.6, 
26-feb-2000,0,48.500,4, ,0,5.5,4.5, 
27-feb-2000,0,4.200,4, ,0,5.5,4.6, 
28-feb-2000,0,8.000,4, ,0,3.5,0.5, 
29-feb-2000,0,38.100,4, ,0,3.1,2.6, 
01-mar-2000,0,14.500,0,10.3,0,4.2,2.5, 
02-mar-2000,0,26.000,0,11.1,0,5.0,3.2, 
03-mar-2000,0,0.000,0,11.2,0,6.4,3.8, 
04-mar-2000,0,1.400,0,9.0,0,2.0,1.2, 
05-mar-2000,0,4.900,0,11.4,0,2.1,0.0, 
06-mar-2000,0,17.400,0,12.1,0,8.5,6.5, 
07-mar-2000,0,10.400,2,12.4,0,10.5,9.4, 
08-mar-2000,0,3.200,0,12.5,0,11.0,10.5, 
09-mar-2000,0,4.500,0,12.4,0,10.8,8.7, 
10-mar-2000,0,3.800,0,12.4,0,10.1,9.1, 
11-mar-2000,0,0.100,0,12.4,0,7.0,6.9, 
12-mar-2000,0,0.200,0,13.2,0,6.8,5.9, 
13-mar-2000,0,2.200,0,13.1,0,8.0,6.4, 
14-mar-2000,0,0.100,0,13.1,0,7.2,4.9, 
15-mar-2000,0,0.400,0,10.5,0,5.9,4.9, 
16-mar-2000,0,0.400,0,11.2,0,8.1,7.3, 
17-mar-2000,0,0.000,0,11.1,0,7.5,7.4, 
18-mar-2000,0,0.000,0,13.2,0,8.3,7.8, 
19-mar-2000,0,0.000,0,13.8,0,5.5,3.6, 
20-mar-2000,0,0.000,0,11.5,0,7.7,6.1, 
21-mar-2000,0,3.400,0,11.0,0,6.0,4.2, 
22-mar-2000,0,0.100,0,8.8,0,5.2,5.2, 
23-mar-2000,0,5.500,0,10.3,0,4.9,3.9, 
24-mar-2000,0,8.200,0,9.5,0,3.1,2.3, 
25-mar-2000,0,11.600,0,9.4,0,3.2,1.9, 
26-mar-2000,0,1.200,0,11.5,0,5.0,4.6, 
27-mar-2000,0,0.100,0,14.0,0,0.9,0.5, 
28-mar-2000,0,0.000,0,12.0,0,2.8,1.4, 
29-mar-2000,0,0.000,0,12.3,0,3.1,1.7, 
30-mar-2000,0,0.100,0,12.3,0,3.0,1.5, 
31-mar-2000,0,6.000,0,10.5,0,4.0,4.1, 
01-apr-2000,0,22.700,0,8.5,0,6.0,6.2, 
02-apr-2000,0,16.500,0,5.6,0,4.9,4.6, 
03-apr-2000,0,1.100,0,6.2,0,2.5,1.3, 
04-apr-2000,0,0.000,0,9.4,0,2.1,-0.7, 
05-apr-2000,0,0.000,0,10.3,1,-0.1,-0.5, 
06-apr-2000,0,0.000,0,11.3,0,4.0,1.5, 
07-apr-2000,0,8.300,0,13.1,0,6.4,4.3, 
08-apr-2000,0,0.700,0,12.1,0,7.4,7.3, 
09-apr-2000,0,0.000,0,13.4,0,5.8,4.3, 
10-apr-2000,0,12.600,0,9.9,0,1.9,2.1, 
11-apr-2000,0,15.600,0,8.1,0,2.7,0.6, 
12-apr-2000,0,7.900,0,8.3,0,2.9,0.2, 
13-apr-2000,0,6.500,0,7.7,0,4.4,3.2, 
14-apr-2000,0,0.100,0,10.9,0,3.4,2.1, 
15-apr-2000,0,8.700,0,8.3,1,-0.5,-0.5, 
16-apr-2000,0,9.200,0,9.1,0,4.8,3.8, 
17-apr-2000,0,1.200,0,11.1,0,4.8,4.2, 
18-apr-2000,0,6.300,0,11.6,1,-0.1,-0.5, 
19-apr-2000,0,16.300,0,13.0,0,2.8,1.4, 
20-apr-2000,0,12.500,0,14.0,0,8.0,6.8, 
21-apr-2000,0,4.300,0,14.5,0,8.3,8.0, 
22-apr-2000,0,11.000,0,14.0,0,8.9,7.0, 
23-apr-2000,0,15.100,0,15.0,0,8.8,7.7, 
24-apr-2000,0,6.000,0,14.5,0,8.5,8.0, 
25-apr-2000,0,9.800,0,7.8,0,7.1,6.8, 
26-apr-2000,0,12.600,0,7.9,0,5.9,5.0, 
27-apr-2000,0,2.500,0,9.3,0,5.6,5.3, 
28-apr-2000,0,0.100,0,12.5,0,6.3,6.8, 
29-apr-2000,0,0.500,0,12.3,0,4.4,2.6, 
30-apr-2000,0,0.000,0,16.6,0,5.6,4.5, 
01-may-2000,0,0.000,0,20.7,0,9.9,8.2, 
02-may-2000,0,0.100,0,19.6,0,9.1,7.7, 
03-may-2000,0,0.000,0,19.4,0,7.9,7.7, 
04-may-2000,0,0.000,0,18.1,0,6.5,7.3, 
05-may-2000,0,0.000,0,17.6,2,7.0,5.9, 
06-may-2000,0,0.700,0,15.7,0,8.8,9.8, 
07-may-2000,0,0.000,0,21.1,0,9.1,10.0, 
08-may-2000,0,0.000,0,23.8,0,9.5,9.9, 
09-may-2000,0,0.000,0,23.0,0,9.4,9.2, 
10-may-2000,0,0.000,0,22.8,0,7.6,8.5, 
11-may-2000,0,0.000,0,19.5,0,11.8,11.5, 
12-may-2000,0,0.000,0,15.4,0,9.0,9.3, 
13-may-2000,0,3.200,0,19.6,0,10.8,11.1, 
14-may-2000,0,1.400,0,17.9,0,10.8,10.5, 
15-may-2000,0,12.600,0,16.0,0,10.9,10.2, 
16-may-2000,0,3.500,0,12.9,0,7.4,8.4, 
17-may-2000,0,15.100,0,11.2,0,7.8,6.5, 
18-may-2000,0,1.500,0,13.6,0,7.4,6.9, 
19-may-2000,0,9.600,0,13.4,0,7.6,6.0, 
20-may-2000,0,3.400,0,12.2,0,7.5,8.1, 
21-may-2000,0,0.600,0,14.3,0,7.5,6.7, 
22-may-2000,0,15.700,0,14.1,0,5.9,4.8, 
23-may-2000,0,3.100,0,12.6,0,8.0,8.1, 
24-may-2000,0,7.100,0,13.3,0,6.6,5.8, 
25-may-2000,0,4.200,2,12.0,0,4.9,4.9, 
26-may-2000,0,6.700,0,12.5,0,4.8,4.4, 
27-may-2000,0,5.700,0,12.2,0,5.0,4.9, 
28-may-2000,0,0.400,0,14.7,0,4.7,4.6, 
29-may-2000,0,0.000,0,14.6,0,4.8,4.8, 
30-may-2000,0,0.000,0,15.5,0,4.0,3.9, 
31-may-2000,0,15.000,0,13.6,0,2.5,2.4, 
01-jun-2000,0,12.100,0,14.4,0,8.1,8.2, 
02-jun-2000,0,13.500,0,12.0,0,9.7,9.8, 
03-jun-2000,0,1.700,0,14.6,0,8.9,8.1, 
04-jun-2000,0,1.600,0,16.2,0,9.4,9.4, 
05-jun-2000,0,3.900,0,16.0,0,5.2,5.0, 
06-jun-2000,0,9.000,0,14.0,0,9.7,8.5, 
07-jun-2000,0,22.700,0,13.2,0,9.0,9.4, 
08-jun-2000,0,3.200,0,12.8,0,8.8,8.9, 
09-jun-2000,0,9.000,0,13.2,0,8.0,7.9, 
10-jun-2000,0,7.000,0,13.4,0,8.4,7.3, 
11-jun-2000,0,3.900,0,14.6,0,9.0,8.2, 
12-jun-2000,0,4.400,0,15.2,0,10.0,10.4, 
13-jun-2000,0,0.000,0,16.0,0,10.0,9.8, 
14-jun-2000,0,2.300,0,17.9,0,9.8,9.0, 
15-jun-2000,0,0.000,0,19.8,0,8.9,9.5, 
16-jun-2000,0,0.500,0,23.9,0,11.9,9.8, 
17-jun-2000,0,1.400,0,18.3,0,13.2,13.6, 
18-jun-2000,0,0.000,0,22.5,0,11.0,9.4, 
19-jun-2000,0,0.900,0,22.0,0,12.1,11.5, 
20-jun-2000,0,11.400,2,16.8,0,15.4,10.4, 
21-jun-2000,0,16.500,2,14.1,0,12.8,9.5, 
22-jun-2000,0,1.500,0,16.0,0,10.6,10.6, 
23-jun-2000,0,0.300,0,15.9,0,9.2,12.1, 
24-jun-2000,0,0.000,0,16.0,0,9.0,12.0, 
25-jun-2000,0,0.000,0,18.6,2,5.6,2.8, 
26-jun-2000,0,0.000,0,20.2,2,8.9,6.5, 
27-jun-2000,0,0.000,0,22.9,2,10.8,8.9, 
28-jun-2000,0,0.000,0,22.4,2,10.6,9.5, 
29-jun-2000,0,0.000,0,20.4,0,12.8,10.4, 
30-jun-2000,0,19.600,0,21.6,2,12.3,10.1, 
01-jul-2000,0,1.600,0,20.6,0,13.0, , 
02-jul-2000,0,4.900,0,21.1,0,13.2, , 
03-jul-2000,0,1.200,0,20.0,0,13.7, , 
04-jul-2000,0,1.200,0,20.3,0,14.4, , 
05-jul-2000,0,0.000,0,20.2,0,12.6, , 
06-jul-2000,0,0.000,0,17.4,0,12.4, , 
07-jul-2000,0,7.000,0,14.6,0,10.5, , 
08-jul-2000,0,17.000,0,15.6,0,11.8, , 
09-jul-2000,0,6.400,0,14.9,0,12.6, , 
10-jul-2000,0,0.000,0,15.3,0,9.4, , 
11-jul-2000,0,3.500,0,16.1,0,10.9, , 
12-jul-2000,0,6.600,0,16.0,0,12.1, , 
13-jul-2000,0,0.600,0,15.5,0,12.1, , 
14-jul-2000,0,4.900,4, ,0,11.9, , 
15-jul-2000,0,0.000,4, ,0,12.1, , 
16-jul-2000,0,0.000,4, ,0,12.1, , 
17-jul-2000,4,0.000,0,19.5,0,11.1, , 
18-jul-2000,0,0.000,0,20.7,0,11.9, , 
19-jul-2000,0,0.000,0,18.3,0,12.6,10.1, 
20-jul-2000,0,0.000,4, ,0,12.2,10.9, 
21-jul-2000,0,0.000,4, ,0,9.9,8.6, 
22-jul-2000,0,0.000,4, ,0,12.5,9.7, 
23-jul-2000,0,0.000,4, ,0,15.9,13.0, 
24-jul-2000,0,0.000,4, ,0,13.6,11.9, 
25-jul-2000,0,0.000,4, ,0,10.2,8.7, 
26-jul-2000,0,6.700,4, ,0,10.1,13.3, 
27-jul-2000,0,1.100,4, ,0,14.6,14.4, 
28-jul-2000,0,2.100,4, ,0,14.0,12.8, 
29-jul-2000,0,3.500,4, ,0,13.1,12.1, 
30-jul-2000,0,2.600,4, ,0,10.7,8.8, 
31-jul-2000,0,11.200,4, ,0,10.8,9.1, 
01-aug-2000,0,27.700,4, ,0,13.5,11.6, 
02-aug-2000,0,2.800,4, ,0,11.8,11.0, 
03-aug-2000,0,0.000,4, ,0,11.9,12.2, 
04-aug-2000,0,3.900,4, ,0,13.4,11.5, 
05-aug-2000,0,2.800,4, ,0,14.8,14.7, 
06-aug-2000,0,0.400,4, ,0,14.9,15.7, 
07-aug-2000,0,1.000,4, ,0,14.4,14.6, 
08-aug-2000,0,47.800,4, ,0,15.1,14.7, 
09-aug-2000,0,4.800,4, ,0,15.2,14.3, 
10-aug-2000,0,0.000,4, ,0,13.4,13.8, 
11-aug-2000,0,11.900,4, ,0,14.1,13.1, 
12-aug-2000,0,1.600,4, ,0,14.3,14.1, 
13-aug-2000,0,4.800,4, ,0,13.0,11.9, 
14-aug-2000,0,6.900,4, ,0,13.9,14.0, 
15-aug-2000,0,13.200,4, ,0,12.1,10.2, 
16-aug-2000,0,1.100,4, ,0,11.0,10.1, 
17-aug-2000,0,12.200,4, ,0,11.4,9.4, 
18-aug-2000,0,7.000,4, ,0,6.4,3.4, 
19-aug-2000,0,3.800,4, ,0,7.5,5.4, 
20-aug-2000,0,3.700,4, ,0,8.5,6.2, 
21-aug-2000,0,9.100,4, ,0,8.9,6.2, 
22-aug-2000,0,0.000,4, ,0,10.8,9.3, 
23-aug-2000,0,0.000,4, ,2,9.8,7.1, 
24-aug-2000,0,0.000,4, ,0,9.8,7.4, 
25-aug-2000,0,20.600,4, ,0,9.3,7.1, 
26-aug-2000,0,5.300,4, ,0,13.8,12.2, 
27-aug-2000,0,0.500,4, ,0,11.2,11.0, 
28-aug-2000,0,0.000,4, ,0,9.4,8.0, 
29-aug-2000,0,0.000,4, ,0,8.9,6.6, 
30-aug-2000,0,26.900,4, ,0,9.5,7.5, 
31-aug-2000,0,37.700,4, ,0,12.9,12.0, 
01-sep-2000,0,3.800,4, ,0,13.1,11.5, 
02-sep-2000,0,0.100,4, ,0,13.9,12.6, 
03-sep-2000,0,0.000,4, ,0,10.0,8.3, 
04-sep-2000,0,6.500,4, ,0,13.4,11.6, 
05-sep-2000,0,17.100,4, ,0,12.0,11.0, 
06-sep-2000,0,9.400,4, ,0,12.1,9.5, 
07-sep-2000,0,0.500,4, ,0,12.3,11.1, 
08-sep-2000,0,3.000,4, ,0,13.1,11.6, 
09-sep-2000,0,12.400,4, ,0,12.5,11.5, 
10-sep-2000,0,3.000,4, ,0,12.3,12.2, 
11-sep-2000,0,2.600,4, ,0,13.5,14.3, 
12-sep-2000,0,0.100,4, ,0,12.7,12.1, 
13-sep-2000,0,5.900,4, ,0,11.2,10.9, 
14-sep-2000,0,3.100,4, ,0,12.9,10.9, 
15-sep-2000,0,0.700,4, ,0,9.2,8.7, 
16-sep-2000,0,7.800,4, ,0,11.9,10.6, 
17-sep-2000,0,8.500,4, ,0,12.9,13.1, 
18-sep-2000,0,10.500,4, ,0,9.6,8.2, 
19-sep-2000,0,8.900,4, ,0,6.9,7.1, 
20-sep-2000,0,2.400,4, ,0,8.6,7.4, 
21-sep-2000,0,8.000,4, ,0,9.2,7.7, 
22-sep-2000,0,6.000,4, ,0,11.2,9.4, 
23-sep-2000,0,5.600,4, ,0,12.6,11.5, 
24-sep-2000,0,0.600,4, ,0,11.3,11.2, 
25-sep-2000,0,2.500,4, ,0,7.1,6.9, 
26-sep-2000,0,30.000,4, ,0,12.1,9.2, 
27-sep-2000,0,22.500,4, ,0,12.1,11.1, 
28-sep-2000,0,5.800,4, ,0,7.6,7.8, 
29-sep-2000,0,9.200,4, ,0,6.7,6.7, 
30-sep-2000,0,4.500,4, ,0,11.1,9.0, 
01-oct-2000,0,23.000,4, ,0,9.6,8.4, 
02-oct-2000,0,25.500,4, ,0,10.0,6.4, 
03-oct-2000,0,19.700,4, ,0,9.8,7.5, 
04-oct-2000,0,10.800,4, ,0,10.1,7.3, 
05-oct-2000,0,0.000,4, ,0,6.7,6.6, 
06-oct-2000,0,3.000,4, ,0,6.2,4.6, 
07-oct-2000,0,9.200,4, ,0,11.6,11.3, 
08-oct-2000,0,24.800,4, ,0,6.6,6.2, 
09-oct-2000,0,4.800,4, ,2,8.8,8.0, 
10-oct-2000,0,4.400,4, ,0,7.5,3.8, 
11-oct-2000,0,10.000,4, ,0,7.4,5.2, 
12-oct-2000,0,4.700,4, ,0,9.1,7.3, 
13-oct-2000,0,13.500,4, ,0,8.0,7.0, 
14-oct-2000,0,0.000,4, ,0,8.7,7.1, 
15-oct-2000,0,18.700,4, ,0,9.8,10.2, 
16-oct-2000,0,4.000,4, ,0,7.6,7.7, 
17-oct-2000,0,45.600,4, ,0,7.6,4.5, 
18-oct-2000,0,6.500,4, ,0,8.7,7.2, 
19-oct-2000,0,16.300,4, ,0,7.4,6.1, 
20-oct-2000,0,2.400,4, ,0,6.4,5.9, 
21-oct-2000,0,7.600,4, ,0,2.9,1.4, 
22-oct-2000,0,29.200,4, ,0,5.6,4.2, 
23-oct-2000,0,15.100,4, ,0,9.1,7.4, 
24-oct-2000,0,43.400,4, ,0,9.8,8.1, 
25-oct-2000,0,3.300,4, ,0,10.0,7.0, 
26-oct-2000,0,36.700,4, ,0,9.4,6.4, 
27-oct-2000,0,7.400,4, ,0,9.1,8.5, 
28-oct-2000,0,25.200,4, ,0,8.1,7.2, 
29-oct-2000,0,22.700,4, ,0,6.4,3.6, 
30-oct-2000,0,20.100,4, ,0,4.0,-0.5, 
31-oct-2000,0,18.700,4, ,0,8.3,5.6, 
01-nov-2000,0,8.000,4, ,0,6.0,3.7, 
02-nov-2000,0,6.700,4, ,0,5.2,4.9, 
03-nov-2000,0,7.300,4, ,0,5.2,2.7, 
04-nov-2000,0,1.200,4, ,0,6.2,2.6, 
05-nov-2000,0,59.800,4, ,0,2.4,1.6, 
06-nov-2000,0,10.700,4, ,2,4.5,3.2, 
07-nov-2000,0,8.300,4, ,0,7.3,4.8, 
08-nov-2000,0,1.800,4, ,0,6.1,3.9, 
09-nov-2000,0,3.900,4, ,0,4.6,2.4, 
10-nov-2000,0,13.500,4, ,0,2.6,0.8, 
11-nov-2000,0,15.100,4, ,0,6.0,3.5, 
12-nov-2000,0,15.200,4, ,0,5.5,4.4, 
13-nov-2000,0,19.500,4, ,0,5.5,4.3, 
14-nov-2000,0,6.600,4, ,0,6.0,0.5, 
15-nov-2000,0,18.600,4, ,0,3.4,2.3, 
16-nov-2000,0,7.200,4, ,0,3.6, , 
17-nov-2000,0,4.300,4, ,0,5.4,0.0, 
18-nov-2000,0,29.800,4, ,0,6.9, , 
19-nov-2000,0,15.400,4, ,0,5.4, , 
20-nov-2000,0,5.200,4, ,0,4.6,0.4, 
21-nov-2000,0,3.200,4, ,0,1.6,0.9, 
22-nov-2000,0,4.400,4, ,0,1.7,2.0, 
23-nov-2000,0,3.500,4, ,0,2.9,0.9, 
24-nov-2000,0,15.900,4, ,0,4.6,2.1, 
25-nov-2000,0,19.000,4, ,0,5.8,4.8, 
26-nov-2000,0,1.800,4, ,0,6.0,3.2, 
27-nov-2000,0,9.700,4, ,0,6.0,4.1, 
28-nov-2000,0,20.100,4, ,0,7.2,5.7, 
29-nov-2000,0,9.400,4, ,0,10.2,9.2, 
30-nov-2000,0,30.300,4, ,0,6.4,5.2, 
01-dec-2000,0,55.200,4, ,0,9.6,7.5, 
02-dec-2000,0,2.800,4, ,0,8.3,7.8, 
03-dec-2000,0,36.200,4, ,0,6.9,6.0, 
04-dec-2000,0,17.000,4, ,0,8.1,7.1, 
05-dec-2000,0,9.800,4, ,0,8.5,8.3, 
06-dec-2000,0,3.700,4, ,0,5.6,1.6, 
07-dec-2000,0,10.000,4, ,0,7.2,4.8, 
08-dec-2000,0,44.200,4, ,0,6.9,7.0, 
09-dec-2000,0,7.400,4, ,0,7.1,6.0, 
10-dec-2000,0,7.000,4, ,0,7.1,6.8, 
11-dec-2000,0,1.500,4, ,0,6.8,4.3, 
12-dec-2000,0,30.000,4, ,0,8.0,5.8, 
13-dec-2000,0,18.000,4, ,0,5.0,4.8, 
14-dec-2000,0,2.200,4, ,0,4.5,2.5, 
15-dec-2000,0,10.100,4, ,0,0.6,0.0, 
16-dec-2000,0,2.200,4, ,0,0.2,0.5, 
17-dec-2000,0,10.000,4, ,1,-0.2,-0.6, 
18-dec-2000,0,13.100,4, ,0,4.5,-0.6, 
19-dec-2000,0,0.500,4, ,0,7.2,4.5, 
20-dec-2000,0,0.000,4, ,0,2.6,0.0, 
21-dec-2000,0,0.000,4, ,0,2.4,-0.2, 
22-dec-2000,0,0.000,4, ,0,7.3,4.0, 
23-dec-2000,0,1.700,4, ,0,7.1,4.4, 
24-dec-2000,0,0.000,4, ,0,4.8,4.6, 
25-dec-2000,0,0.000,4, ,0,1.8,-0.4, 
26-dec-2000,0,1.400,4, ,0,1.7,-0.5, 
27-dec-2000,0,14.700,4, ,1,-2.3,-3.5, 
28-dec-2000,0,3.900,4, ,1,-1.8,-5.1, 
29-dec-2000,0,3.600,4, ,1,-6.1,-10.5, 
30-dec-2000,0,31.400,4, ,1,-5.3,-10.0, 
31-dec-2000,0,19.000,4, ,1,-3.9,-4.3, 
01-jan-2001,0,34.500,4, ,2,4.9,2.5, 
02-jan-2001,0,5.400,4, ,0,5.6,4.7, 
03-jan-2001,0,0.800,4, ,0,3.4,0.6, 
04-jan-2001,0,2.000,4, ,0,2.3,0.5, 
05-jan-2001,0,3.100,4, ,1,-1.0,-1.8, 
06-jan-2001,0,5.300,4, ,1,-0.4,-1.5, 
07-jan-2001,0,1.200,4, ,0,5.2,2.0, 
08-jan-2001,0,0.600,4, ,0,2.2,0.0, 
09-jan-2001,0,0.000,4, ,0,2.5,-0.6, 
10-jan-2001,0,0.000,4, ,0,2.1,0.1, 
11-jan-2001,0,0.000,4, ,0,2.5,0.4, 
12-jan-2001,0,0.000,4, ,0,2.6,1.2, 
13-jan-2001,0,0.600,4, ,0,2.6,1.4, 
14-jan-2001,0,0.000,4, ,0,1.5,-2.5, 
15-jan-2001,0,0.000,4, ,0,1.0,-2.3, 
16-jan-2001,0,0.000,4, ,1,-0.6,-3.1, 
17-jan-2001,0,0.000,4, ,1,-1.8, , 
18-jan-2001,0,0.000,4, ,0,2.3, , 
19-jan-2001,0,0.000,4, ,1,-1.0, , 
20-jan-2001,0,17.900,4, ,0,1.6, , 
21-jan-2001,0,16.500,4, ,0,1.7,1.7, 
22-jan-2001,0,13.600,4, ,0,6.2,3.1, 
23-jan-2001,0,30.200,4, ,0,5.6,5.1, 
24-jan-2001,0,11.500,4, ,0,5.0,1.4, 
25-jan-2001,0,18.800,4, ,0,3.3,0.9, 
26-jan-2001,0,5.100,4, ,0,2.6,-0.1, 
27-jan-2001,0,5.700,4, ,0,3.4,0.2, 
28-jan-2001,0,0.900,4, ,1,-0.2,-1.0, 
29-jan-2001,0,11.800,4, ,0,1.0,-0.6, 
30-jan-2001,0,1.700,4, ,0,2.6,1.7, 
31-jan-2001,0,2.500,4, ,0,5.7,4.4, 
01-feb-2001,0,4.000,2,11.5,0,6.0,5.9, 
02-feb-2001,0,15.700,2,9.5,0,7.0,4.7, 
03-feb-2001,0,25.400,2,9.0,0,3.8,1.4, 
04-feb-2001,0,3.800,2,4.5,0,3.0,1.2, 
05-feb-2001,0,27.000,2,8.1,0,1.0,0.3, 
06-feb-2001,0,19.200,2,8.7,0,0.6,0.1, 
07-feb-2001,0,0.000,0,7.3,2,4.6,3.7, 
08-feb-2001,0,0.000,0,7.4,0,1.6,-1.5, 
09-feb-2001,0,15.200,0,11.2,1,-2.3,-3.5, 
10-feb-2001,0,8.900,0,12.5,0,2.1,-0.2, 
11-feb-2001,0,0.600,0,11.2,0,9.2,6.7, 
12-feb-2001,0,0.000,0,11.6,0,6.8,5.1, 
13-feb-2001,0,0.000,0,10.5,0,2.1,0.4, 
14-feb-2001,0,3.900,0,9.6,0,4.6,1.4, 
15-feb-2001,0,0.000,0,9.8,0,4.9,4.5, 
16-feb-2001,0,0.100,0,9.8,1,-1.1,-1.2, 
17-feb-2001,0,0.000,0,8.1,0,0.0,-1.0, 
18-feb-2001,0,4.000,0,9.7,0,1.5,-1.0, 
19-feb-2001,0,1.700,0,10.6,0,6.6,6.0, 
20-feb-2001,0,1.300,0,11.7,0,2.2,0.2, 
21-feb-2001,0,0.500,0,13.0,0,6.5,4.4, 
22-feb-2001,0,0.200,0,11.2,0,7.5,7.0, 
23-feb-2001,0,0.000,0,11.2,0,5.3,4.5, 
24-feb-2001,0,1.100,0,8.6,1,-1.0,-1.2, 
25-feb-2001,0,23.200,0,8.2,1,-0.2,-1.0, 
26-feb-2001,0,4.800,0,5.7,0,1.4,-0.5, 
27-feb-2001,0,2.100,0,6.2,1,-0.5,-0.2, 
28-feb-2001,0,0.000,0,6.5,0,0.6,-2.1, 
01-mar-2001,0,0.000,0,6.2,1,-4.5,-5.1, 
02-mar-2001,0,0.200,0,5.7,1,-3.1,-4.3, 
03-mar-2001,0,6.500,0,5.6,1,-2.2,-4.6, 
04-mar-2001,0,4.000,0,7.4,1,-0.9,-2.5, 
05-mar-2001,0,0.200,0,10.4,0,3.2,1.8, 
06-mar-2001,0,23.200,0,12.6,0,5.2,3.7, 
07-mar-2001,0,4.300,0,11.7,0,8.2,5.1, 
08-mar-2001,0,7.800,0,11.7,0,8.1,6.1, 
09-mar-2001,0,12.000,0,10.9,0,7.4,6.1, 
10-mar-2001,0,4.600,0,11.1,0,7.8,7.5, 
11-mar-2001,0,5.500,0,9.2,0,4.5,3.0, 
12-mar-2001,0,15.500,0,7.6,0,2.9,1.0, 
13-mar-2001,0,5.500,0,9.9,0,1.5,-0.3, 
14-mar-2001,0,1.600,0,9.4,0,0.8,-0.6, 
15-mar-2001,0,10.800,0,8.7,0,1.4,-0.5, 
16-mar-2001,0,0.400,0,7.6,0,3.6,2.7, 
17-mar-2001,0,0.000,0,7.1,0,3.0,1.9, 
18-mar-2001,0,0.000,0,8.8,0,0.6,-1.2, 
19-mar-2001,0,0.000,0,10.0,0,0.6,-2.3, 
20-mar-2001,0,4.500,0,9.3,0,3.7,1.6, 
21-mar-2001,0,5.300,0,4.5,0,2.4,0.8, 
22-mar-2001,0,0.700,0,9.3,0,2.6,2.6, 
23-mar-2001,0,0.500,0,13.0,0,4.0,4.6, 
24-mar-2001,0,0.000,0,10.7,0,7.2,4.9, 
25-mar-2001,0,0.000,0,9.1,0,6.6,5.8, 
26-mar-2001,0,23.300,0,7.7,0,5.5,2.7, 
27-mar-2001,0,8.400,0,11.7,0,3.6,1.0, 
28-mar-2001,0,1.000,0,9.3,0,1.7,-0.5, 
29-mar-2001,0,2.500,0,10.2,0,5.6,3.6, 
30-mar-2001,0,34.000,0,11.7,0,3.7,0.5, 
31-mar-2001,0,4.800,0,11.9,0,6.5,3.5, 
01-apr-2001,0,6.000,0,12.3,0,6.6,4.9, 
02-apr-2001,0,3.100,0,12.4,0,6.5,3.5, 
03-apr-2001,0,4.500,0,9.9,0,5.2,1.0, 
04-apr-2001,0,12.000,0,11.2,0,2.4,-0.8, 
05-apr-2001,0,11.500,0,11.4,0,5.3,2.9, 
06-apr-2001,0,5.500,0,10.9,0,9.2,7.0, 
07-apr-2001,0,6.200,0,10.7,0,6.5,5.8, 
08-apr-2001,0,9.700,0,11.8,0,4.0,1.2, 
09-apr-2001,0,3.800,0,11.7,0,5.9,4.8, 
10-apr-2001,0,0.000,0,12.7,0,7.8,5.6, 
11-apr-2001,0,6.400,0,12.1,0,1.1,-1.0, 
12-apr-2001,0,0.300,0,13.9,0,8.1,7.3, 
13-apr-2001,0,1.000,0,13.9,0,9.1,8.5, 
14-apr-2001,0,9.700,0,13.6,0,9.4,9.4, 
15-apr-2001,0,2.500,0,11.4,0,7.7,8.9, 
16-apr-2001,0,0.100,0,10.9,0,6.4,6.4, 
17-apr-2001,0,0.800,0,11.9,0,7.0,6.2, 
18-apr-2001,0,1.100,0,9.6,0,5.2,3.9, 
19-apr-2001,0,0.800,0,10.1,0,4.1,2.9, 
20-apr-2001,0,1.100,0,12.3,0,4.3,1.5, 
21-apr-2001,0,1.200,0,12.2,0,6.6,5.0, 
22-apr-2001,1,0.000,0,12.1,0,4.1,0.5, 
23-apr-2001,1,17.700,0,11.1,0,0.2,-0.9, 
24-apr-2001,0,3.200,0,13.6,0,7.3,7.0, 
25-apr-2001,0,0.000,0,11.2,0,7.0,7.7, 
26-apr-2001,0,3.500,0,13.3,0,6.7,5.3, 
27-apr-2001,0,10.500,0,11.7,0,5.8,4.8, 
28-apr-2001,0,4.800,0,8.7,0,4.2,2.4, 
29-apr-2001,0,13.900,0,10.7,0,2.6,1.4, 
30-apr-2001,0,0.200,0,13.1,0,5.7,2.5, 
01-may-2001,0,0.000,0,13.6,0,4.1,1.5, 
02-may-2001,0,1.700,0,14.8,0,4.0,0.6, 
03-may-2001,0,0.000,0,12.7,0,6.2,4.0, 
04-may-2001,0,0.200,0,11.8,0,6.3,3.6, 
05-may-2001,0,0.000,0,16.4,0,9.0,7.9, 
06-may-2001,0,0.000,0,18.2,0,8.0,5.0, 
07-may-2001,0,0.000,0,16.7,0,6.4,6.5, 
08-may-2001,0,0.000,0,17.5,2,5.2,3.1, 
09-may-2001,0,0.000,0,15.1,0,6.3,4.7, 
10-may-2001,0,0.000,0,18.4,0,6.7,7.5, 
11-may-2001,0,0.000,0,22.0,0,9.8,9.6, 
12-may-2001,0,0.000,0,23.0,0,10.1,10.7, 
13-may-2001,0,1.200,0,22.6,0,11.6,11.7, 
14-may-2001,0,1.200,0,18.6,0,7.8,11.6, 
15-may-2001,0,29.000,0,12.6,0,8.0,7.3, 
16-may-2001,0,6.300,0,10.8,0,8.2,9.1, 
17-may-2001,0,3.000,0,13.5,0,3.4,2.3, 
18-may-2001,0,1.300,0,14.6,0,8.4,7.2, 
19-may-2001,4,0.000,0,14.6,0,8.9,9.1, 
20-may-2001,0,0.200,0,16.9,0,7.8,8.2, 
21-may-2001,0,0.000,0,19.4,0,8.9,9.1, 
22-may-2001,0,0.000,0,22.3,0,7.8,7.5, 
23-may-2001,0,0.000,0,21.3,0,9.0,8.3, 
24-may-2001,0,1.500,0,22.5,0,8.1,7.2, 
25-may-2001,0,3.200,0,16.2,0,11.1,10.1, 
26-may-2001,0,4.600,0,16.2,0,7.5,5.9, 
27-may-2001,0,4.600,0,15.9,0,13.1,13.0, 
28-may-2001,0,0.800,0,16.4,0,11.6,11.0, 
29-may-2001,0,14.600,0,15.6,0,12.4,11.2, 
30-may-2001,0,3.500,0,15.4,0,11.0,11.0, 
31-may-2001,0,3.600,0,13.2,0,8.9,7.6, 
01-jun-2001,0,2.000,0,16.0,0,10.9,10.0, 
02-jun-2001,0,0.000,0,14.7,0,9.8,9.0, 
03-jun-2001,0,0.100,0,15.0,0,4.5,3.6, 
04-jun-2001,0,0.000,0,15.6,0,9.6,8.0, 
05-jun-2001,0,18.200,0,12.7,0,5.5,4.5, 
06-jun-2001,0,10.800,0,12.9,0,8.6,8.5, 
07-jun-2001,0,1.500,0,13.2,0,6.5,5.4, 
08-jun-2001,0,0.700,0,13.2,0,5.9,5.1, 
09-jun-2001,0,0.000,0,13.4,0,8.8,7.3, 
10-jun-2001,0,0.200,0,15.2,2,6.0,5.2, 
11-jun-2001,0,0.000,0,15.3,0,8.5,5.3, 
12-jun-2001,0,0.000,2,16.0,0,7.1,3.9, 
13-jun-2001,0,0.200,0,19.2,0,11.5,10.1, 
14-jun-2001,0,9.200,0,16.1,0,13.2,11.2, 
15-jun-2001,0,27.000,0,15.8,0,11.7,11.1, 
16-jun-2001,0,2.900,0,15.8,2,11.4,11.2, 
17-jun-2001,0,12.200,0,15.6,0,8.7,6.4, 
18-jun-2001,0,16.800,0,16.1,0,8.7,7.2, 
19-jun-2001,0,32.400,0,15.0,0,10.7,10.0, 
20-jun-2001,0,0.000,0,15.4,0,11.1,8.6, 
21-jun-2001,0,0.000,0,17.6,0,10.0,8.4, 
22-jun-2001,0,0.000,0,18.4,0,9.1,6.0, 
23-jun-2001,0,2.100,0,17.8,0,13.0,12.5, 
24-jun-2001,0,0.000,2,18.3,0,13.1,11.9, 
25-jun-2001,0,0.000,0,20.2,0,13.5,10.9, 
26-jun-2001,0,2.800,0,20.7,0,11.0,12.4, 
27-jun-2001,0,1.200,0,16.2,0,13.0,13.0, 
28-jun-2001,0,38.500,0,17.6,0,8.5,6.0, 
29-jun-2001,0,8.100,0,16.7,0,9.2,7.9, 
30-jun-2001,0,7.300,0,17.5,0,13.0,11.0, 
01-jul-2001,0,0.400,0,17.5,0,13.0,14.0, 
02-jul-2001,0,0.600,0,17.2,0,12.8,11.9, 
03-jul-2001,0,4.000,0,17.5,0,9.5,8.0, 
04-jul-2001,0,0.000,0,17.3,0,12.9,12.5, 
05-jul-2001,0,0.000,0,22.0,0,11.4,9.6, 
06-jul-2001,0,0.000,2,18.4,0,6.5,4.0, 
07-jul-2001,0,0.000,0,15.1,0,13.4,12.0, 
08-jul-2001,0,0.000,0,15.9,0,11.5,10.0, 
09-jul-2001,0,28.700,0,17.7,0,9.6,8.9, 
10-jul-2001,0,14.300,0,15.6,0,11.0,11.0, 
11-jul-2001,0,6.800,0,14.7,0,11.9,11.4, 
12-jul-2001,0,1.100,0,17.0,0,10.4,9.9, 
13-jul-2001,0,3.500,0,15.2,0,10.3,10.2, 
14-jul-2001,0,2.800,0,14.9,0,8.7,7.7, 
15-jul-2001,0,0.000,0,16.4,0,5.9,3.8, 
16-jul-2001,0,3.800,0,18.6,0,6.4,4.0, 
17-jul-2001,0,2.500,0,17.9,0,11.1,11.0, 
18-jul-2001,0,3.000,0,17.6,0,11.4,10.4, 
19-jul-2001,0,2.500,0,17.3,0,9.0, , 
20-jul-2001,0,2.500,0,17.3,0,11.5, , 
21-jul-2001,0,7.200,0,16.2,0,11.6, , 
22-jul-2001,0,2.300,0,16.9,0,12.3, , 
23-jul-2001,0,9.400,0,17.0,0,8.1, , 
24-jul-2001,0,5.500,0,18.3,0,11.0, , 
25-jul-2001,0,2.800,0,19.7,0,11.6, , 
26-jul-2001,0,3.000,0,20.1,0,14.0, , 
27-jul-2001,0,0.200,0,21.7,0,14.5, , 
28-jul-2001,0,3.200,0,22.5,0,11.5, , 
29-jul-2001,0,0.600,0,18.5,0,15.0,15.1, 
30-jul-2001,0,13.200,0,19.6,0,13.5,10.9, 
31-jul-2001,0,0.000,0,19.4,0,12.8,11.9, 
01-aug-2001,0,1.800,0,18.9,0,10.6,9.5, 
02-aug-2001,0,3.200,0,18.8,0,13.3,10.8, 
03-aug-2001,0,5.300,0,18.0,0,12.0,12.4, 
04-aug-2001,0,0.200,0,18.2,0,10.4,8.8, 
05-aug-2001,0,20.100,0,18.3,0,8.4,5.9, 
06-aug-2001,0,20.200,0,16.4,2,11.3,10.9, 
07-aug-2001,0,4.100,0,15.5,0,10.8,8.8, 
08-aug-2001,0,3.600,0,16.3,0,12.1,11.1, 
09-aug-2001,0,0.900,0,17.7,0,9.0,8.5, 
10-aug-2001,0,8.400,0,17.3,0,7.7,6.6, 
11-aug-2001,0,9.000,0,17.8,0,13.6,12.5, 
12-aug-2001,0,13.600,0,18.0,0,9.7,7.0, 
13-aug-2001,0,30.600,0,18.3,0,9.5,6.5, 
14-aug-2001,0,1.500,0,18.2,0,14.2,13.6, 
15-aug-2001,0,0.800,0,18.6,0,11.3,9.3, 
16-aug-2001,0,5.800,0,17.3,0,10.9,9.9, 
17-aug-2001,0,0.500,0,17.7,0,8.2,7.8, 
18-aug-2001,0,7.200,0,17.7,0,8.6,5.3, 
19-aug-2001,0,4.000,0,18.6,0,9.2,5.8, 
20-aug-2001,0,46.300,0,18.2,0,11.4,10.8, 
21-aug-2001,0,1.500,0,18.6,0,9.7,5.4, 
22-aug-2001,0,0.500,0,19.3,0,9.4,3.5, 
23-aug-2001,0,3.500,0,17.4,0,13.8,11.7, 
24-aug-2001,0,0.000,0,19.2,0,13.2,12.0, 
25-aug-2001,0,0.000,0,18.9,2,11.8,10.0, 
26-aug-2001,0,0.000,0,18.2,2,9.4,6.7, 
27-aug-2001,0,0.000,0,19.6,2,7.7,4.5, 
28-aug-2001,0,3.000,0,16.8,0,8.3,7.2, 
29-aug-2001,0,16.500,0,16.4,0,14.0,12.6, 
30-aug-2001,1,2.400,2,16.7,0,12.2,10.7, 
31-aug-2001,1,12.700,0,17.2,2,11.5,10.0, 
01-sep-2001,0,6.200,0,20.0,0,12.3,4.0, 
02-sep-2001,0,13.300,0,15.5,0,11.7,8.8, 
03-sep-2001,0,0.900,0,16.9,0,12.5,11.5, 
04-sep-2001,0,11.600,0,17.1,0,12.5,10.0, 
05-sep-2001,0,4.500,0,17.6,0,13.5,11.6, 
06-sep-2001,0,0.500,0,18.5,0,11.4,8.9, 
07-sep-2001,0,5.600,0,17.6,0,9.0,4.5, 
08-sep-2001,0,0.200,0,16.0,0,13.2,12.0, 
09-sep-2001,0,0.000,0,17.4,0,9.9,7.9, 
10-sep-2001,0,0.000,0,17.8,0,7.3,7.0, 
11-sep-2001,0,11.900,0,18.2,0,11.9,10.1, 
12-sep-2001,0,5.300,0,18.2,0,13.5,11.4, 
13-sep-2001,0,6.800,0,15.8,0,11.3,8.1, 
14-sep-2001,0,4.500,0,15.8,0,11.7,9.2, 
15-sep-2001,0,0.000,0,15.5,0,11.9,10.5, 
16-sep-2001,0,0.000,0,16.4,0,11.5,10.3, 
17-sep-2001,0,0.000,0,18.2,0,10.8,7.1, 
18-sep-2001,0,0.000,0,17.3,0,5.8,0.9, 
19-sep-2001,0,0.000,0,17.5,0,4.7,-0.2, 
20-sep-2001,0,0.000,0,15.0,0,6.4,3.7, 
21-sep-2001,0,0.000,0,15.3,0,9.0,3.9, 
22-sep-2001,0,0.000,0,16.3,0,10.8,7.5, 
23-sep-2001,0,0.000,0,16.6,0,8.0,2.9, 
24-sep-2001,0,0.000,0,16.7,0,8.0,2.9, 
25-sep-2001,0,1.800,0,17.3,0,11.1,6.4, 
26-sep-2001,0,5.400,0,17.8,0,11.6,7.7, 
27-sep-2001,0,0.500,0,18.7,0,12.6,10.1, 
28-sep-2001,0,14.600,0,18.4,0,15.5,11.5, 
29-sep-2001,0,31.800,0,16.4,0,13.5,9.2, 
30-sep-2001,0,26.100,0,15.7,0,13.1,10.7, 
01-oct-2001,0,13.500,0,15.8,0,12.1,8.5, 
02-oct-2001,0,21.100,0,16.3,0,12.6,9.4, 
03-oct-2001,0,8.700,0,14.6,0,11.6,8.5, 
04-oct-2001,0,18.600,0,15.0,0,10.4,8.1, 
05-oct-2001,0,14.100,0,16.6,0,11.4,9.4, 
06-oct-2001,0,39.100,0,14.9,0,11.3,7.5, 
07-oct-2001,0,8.800,0,15.2,0,10.4,7.6, 
08-oct-2001,0,6.500,0,14.7,0,9.9,5.3, 
09-oct-2001,0,12.500,0,15.2,0,10.6,6.7, 
10-oct-2001,0,1.300,0,16.2,0,11.5,8.5, 
11-oct-2001,0,8.500,0,16.9,0,11.3,8.0, 
12-oct-2001,0,4.000,0,14.2,0,12.4,10.1, 
13-oct-2001,0,0.700,0,14.9,0,9.2,5.6, 
14-oct-2001,0,15.800,0,15.7,0,9.7,7.3, 
15-oct-2001,0,10.400,0,12.7,0,8.5,7.8, 
16-oct-2001,0,20.300,0,15.1,0,8.8,5.5, 
17-oct-2001,0,14.200,0,17.2,0,11.6,10.6, 
18-oct-2001,0,0.200,0,16.0,0,10.0,9.0, 
19-oct-2001,0,3.900,0,16.0,0,10.2,8.0, 
20-oct-2001,0,0.000,0,15.7,0,9.6,6.2, 
21-oct-2001,4,0.000,0,15.8,0,6.4,2.3, 
22-oct-2001,0,2.600,0,14.4,0,4.2,0.0, 
23-oct-2001,0,6.000,0,14.1,0,8.2,7.0, 
24-oct-2001,0,9.100,0,15.2,0,10.7,8.2, 
25-oct-2001,0,12.500,0,14.8,0,10.2,7.5, 
26-oct-2001,0,12.900,0,12.6,0,9.1,7.5, 
27-oct-2001,0,0.400,0,15.0,0,8.6,7.4, 
28-oct-2001,0,0.000,0,14.4,0,3.4,-1.3, 
29-oct-2001,0,0.500,0,14.7,0,5.5,3.9, 
30-oct-2001,0,20.200,0,14.2,0,13.0,11.7, 
31-oct-2001,0,0.000,0,12.8,0,7.5,3.9, 
01-nov-2001,0,0.500,0,13.6,0,8.0,2.8, 
02-nov-2001,0,5.800,0,13.9,0,11.0,9.4, 
03-nov-2001,0,3.900,0,12.9,0,7.9,5.0, 
04-nov-2001,0,2.400,0,12.9,0,8.1,5.7, 
05-nov-2001,0,22.100,0,13.9,0,6.1,2.4, 
06-nov-2001,0,16.800,0,13.7,0,10.9,9.7, 
07-nov-2001,0,24.700,0,12.4,0,10.8,9.6, 
08-nov-2001,0,1.900,0,7.3,0,4.2,2.0, 
09-nov-2001,0,3.600,0,13.0,0,4.3,1.6, 
10-nov-2001,0,1.400,0,14.0,0,6.0,5.0, 
11-nov-2001,0,17.000,0,13.0,0,11.0,8.5, 
12-nov-2001,0,1.500,0,12.1,0,10.5,9.7, 
13-nov-2001,0,4.400,0,10.2,0,5.5,2.2, 
14-nov-2001,0,0.600,0,11.5,0,3.6,-0.2, 
15-nov-2001,0,0.000,0,11.1,0,7.5,4.1, 
16-nov-2001,0,0.100,0,10.3,0,8.6,7.6, 
17-nov-2001,4,0.000,0,9.0,0,7.1,6.3, 
18-nov-2001,0,3.400,0,9.2,0,7.0,6.5, 
19-nov-2001,0,2.500,0,12.3,0,7.0,4.9, 
20-nov-2001,0,6.200,0,13.1,0,7.0,3.4, 
21-nov-2001,0,32.000,0,13.3,0,11.1,10.2, 
22-nov-2001,0,0.600,0,12.0,0,8.6,7.1, 
23-nov-2001,0,13.800,0,13.3,0,4.6,0.3, 
24-nov-2001,0,9.900,0,14.3,0,11.7,10.9, 
25-nov-2001,0,2.400,0,9.6,0,7.8,5.1, 
26-nov-2001,0,15.700,0,10.5,0,3.7,-0.4, 
27-nov-2001,0,3.600,0,11.4,0,4.4,3.9, 
28-nov-2001,0,42.600,0,13.2,0,6.2,4.2, 
29-nov-2001,0,18.300,2,13.1,2,10.5,9.6, 
30-nov-2001,0,12.000,0,13.2,0,10.2,10.1, 
01-dec-2001,0,5.000,0,8.6,0,4.5,2.4, 
02-dec-2001,0,49.000,0,11.1,0,2.5,1.6, 
03-dec-2001,0,32.200,0,12.3,0,5.4,0.8, 
04-dec-2001,0,16.400,0,13.2,0,6.6,2.1, 
05-dec-2001,0,2.400,0,9.6,0,6.3,4.5, 
06-dec-2001,0,6.200,0,13.5,0,2.9,-1.2, 
07-dec-2001,4,0.000,0,13.6,0,7.4,6.3, 
08-dec-2001,0,0.000,0,12.0,0,10.5,8.5, 
09-dec-2001,0,0.000,0,11.2,0,7.3,1.8, 
10-dec-2001,0,0.000,0,12.5,0,4.4,2.5, 
11-dec-2001,0,0.000,0,12.1,0,6.4,3.2, 
12-dec-2001,0,0.000,0,11.8,0,5.4,1.3, 
13-dec-2001,0,0.000,0,8.3,0,7.5,2.4, 
14-dec-2001,0,0.000,0,7.7,0,7.0,4.2, 
15-dec-2001,0,0.500,0,7.8,0,0.0,-5.5, 
16-dec-2001,0,0.000,0,8.2,0,0.0,-3.6, 
17-dec-2001,0,0.000,0,6.4,0,4.1,4.1, 
18-dec-2001,0,0.000,0,5.9,1,-2.1,-7.3, 
19-dec-2001,0,1.600,0,7.8,1,-0.9,-5.1, 
20-dec-2001,0,1.300,0,10.5,0,1.9,-2.2, 
21-dec-2001,0,4.500,0,9.8,0,1.8,-1.1, 
22-dec-2001,0,1.400,0,5.6,0,4.2,1.9, 
23-dec-2001,0,6.700,0,10.3,0,1.3,-1.7, 
24-dec-2001,0,6.500,0,10.7,0,4.8,4.0, 
25-dec-2001,0,4.400,0,5.7,0,2.9,-0.3, 
26-dec-2001,0,6.900,0,10.4,0,2.1,-1.8, 
27-dec-2001,0,12.900,0,10.5,0,4.5,3.2, 
28-dec-2001,0,3.900,0,10.5,0,3.0,-1.0, 
29-dec-2001,0,5.500,0,4.4,0,0.0,-3.0, 
30-dec-2001,0,0.300,0,5.4,0,0.3,-1.3, 
31-dec-2001,0,0.000,0,5.8,1,-3.5,-7.0, 
01-jan-2002,0,0.000,0,7.6,1,-3.2,-7.5, 
02-jan-2002,0,4.000,0,9.7,0,3.2,0.5, 
03-jan-2002,0,0.900,0,11.5,0,6.1,5.5, 
04-jan-2002,0,14.500,0,11.7,0,7.2,6.8, 
05-jan-2002,0,0.100,0,10.8,0,5.1,0.7, 
06-jan-2002,0,0.500,0,11.3,0,5.5,1.5, 
07-jan-2002,0,0.000,0,10.8,0,7.4,3.6, 
08-jan-2002,0,0.300,0,9.4,0,6.0,2.8, 
09-jan-2002,0,1.500,0,7.8,0,5.4,3.9, 
10-jan-2002,0,8.200,0,11.0,0,4.8,1.2, 
11-jan-2002,0,0.900,2,11.9,0,5.2,2.8, 
12-jan-2002,0,9.200,0,13.3,0,9.6,5.5, 
13-jan-2002,0,23.100,0,12.5,0,9.8,8.3, 
14-jan-2002,0,12.800,0,12.6,0,9.8,7.6, 
15-jan-2002,0,7.400,0,11.2,0,4.5,2.5, 
16-jan-2002,0,2.800,0,11.6,0,4.9,3.4, 
17-jan-2002,0,10.200,0,9.2,0,6.7,3.5, 
18-jan-2002,0,18.200,0,11.4,0,5.4,2.7, 
19-jan-2002,0,15.200,0,12.4,0,4.6,1.9, 
20-jan-2002,0,17.300,0,12.7,0,6.4,4.5, 
21-jan-2002,0,8.300,0,10.8,0,8.2,7.3, 
22-jan-2002,0,11.400,0,10.9,0,5.3,2.5, 
23-jan-2002,0,2.300,0,11.0,0,6.4,4.6, 
24-jan-2002,0,21.100,0,12.6,0,5.2,2.7, 
25-jan-2002,0,24.800,0,11.5,0,2.7,-1.0, 
26-jan-2002,0,3.300,0,12.5,0,6.9,5.8, 
27-jan-2002,0,0.900,0,10.7,0,4.5,0.5, 
28-jan-2002,0,16.300,0,13.8,2,6.6,5.5, 
29-jan-2002,0,7.100,0,13.7,0,6.0,5.4, 
30-jan-2002,0,25.100,0,10.1,0,7.4,6.1, 
31-jan-2002,0,32.900,0,12.2,0,4.5,1.7, 
01-feb-2002,0,20.200,0,10.4,0,5.7,2.7, 
02-feb-2002,0,3.300,0,9.4,0,4.5,3.1, 
03-feb-2002,0,17.700,0,9.8,0,3.2,1.0, 
04-feb-2002,0,12.000,0,11.3,0,2.3,-1.6, 
05-feb-2002,0,18.200,0,8.9,0,4.7,3.8, 
06-feb-2002,0,11.100,0,12.6,0,4.8,1.6, 
07-feb-2002,0,6.800,0,12.5,0,4.0,1.6, 
08-feb-2002,0,22.300,0,13.0,0,8.0,6.2, 
09-feb-2002,0,16.300,0,10.2,0,6.5,5.0, 
10-feb-2002,0,27.700,0,13.0,0,5.9,4.8, 
11-feb-2002,0,2.800,0,11.6,0,9.5,7.2, 
12-feb-2002,0,3.100,0,10.8,0,7.9,5.2, 
13-feb-2002,0,0.200,0,10.6,0,6.7,3.9, 
14-feb-2002,0,1.000,0,10.9,1,-0.7,-5.2, 
15-feb-2002,0,0.100,0,10.5,0,1.8,0.1, 
16-feb-2002,0,4.400,0,10.4,0,8.5,7.0, 
17-feb-2002,0,3.500,0,9.2,0,5.5,4.6, 
18-feb-2002,0,23.800,0,10.7,0,5.1,1.4, 
19-feb-2002,0,33.800,0,11.6,0,8.0,5.4, 
20-feb-2002,0,3.000,0,9.6,0,7.3,4.6, 
21-feb-2002,0,17.800,0,11.6,0,2.6,-1.2, 
22-feb-2002,0,12.200,0,8.0,0,5.4,3.4, 
23-feb-2002,0,16.400,0,6.9,0,2.9,0.4, 
24-feb-2002,0,52.500,0,12.1,0,3.5,1.2, 
25-feb-2002,0,11.500,0,11.7,0,4.9,4.8, 
26-feb-2002,0,6.300,0,8.1,0,5.7,4.0, 
27-feb-2002,0,11.100,0,7.1,0,2.5,0.5, 
28-feb-2002,0,6.800,0,7.9,0,2.6,0.2, 
01-mar-2002,0,0.600,0,8.6,0,2.5,-0.2, 
02-mar-2002,0,0.800,0,9.3,0,2.6,-1.5, 
03-mar-2002,0,0.800,0,10.7,0,6.0,5.2, 
04-mar-2002,0,2.000,0,11.0,0,6.9,4.8, 
05-mar-2002,0,32.800,0,11.1,0,4.9,1.3, 
06-mar-2002,0,7.600,0,11.9,0,7.4,6.3, 
07-mar-2002,0,1.900,0,12.4,0,8.1,6.5, 
08-mar-2002,0,34.800,0,11.2,0,8.3,7.6, 
09-mar-2002,0,36.800,0,10.4,0,0.7,-0.2, 
10-mar-2002,0,4.400,0,8.8,0,3.2,1.9, 
11-mar-2002,0,2.000,0,10.2,0,4.0,1.9, 
12-mar-2002,0,0.000,0,10.0,0,0.0,-3.9, 
13-mar-2002,0,0.000,0,9.2,0,3.2,-0.1, 
14-mar-2002,0,0.000,0,9.1,0,3.0,0.2, 
15-mar-2002,0,3.400,0,8.2,0,3.6,2.3, 
16-mar-2002,0,0.300,0,11.9,0,3.9,3.5, 
17-mar-2002,0,7.400,0,11.2,0,5.9,5.4, 
18-mar-2002,0,3.000,0,9.3,0,5.0,1.9, 
19-mar-2002,0,1.500,0,11.0,0,4.7,0.6, 
20-mar-2002,0,2.900,0,12.5,0,6.9,4.5, 
21-mar-2002,0,1.300,0,12.7,0,9.6,8.0, 
22-mar-2002,0,1.100,0,14.5,0,9.5,8.5, 
23-mar-2002,0,1.800,0,18.4,0,9.6,5.2, 
24-mar-2002,0,2.700,0,14.0,0,10.0,9.0, 
25-mar-2002,0,0.000,0,11.0,0,7.3,3.7, 
26-mar-2002,0,0.000,0,11.2,0,1.0,-3.6, 
27-mar-2002,0,0.000,0,14.7,0,7.6,5.5, 
28-mar-2002,0,0.000,0,13.2,0,7.7,5.0, 
29-mar-2002,0,2.400,0,13.2,0,1.8,1.5, 
30-mar-2002,0,15.400,0,11.1,0,5.9,2.2, 
31-mar-2002,0,15.300,0,11.7,0,7.8,7.2, 
01-apr-2002,0,6.200,0,11.0,0,6.8,4.4, 
02-apr-2002,0,5.100,0,11.7,0,4.8,2.4, 
03-apr-2002,0,0.000,0,12.3,0,6.6,4.9, 
04-apr-2002,0,0.000,0,13.1,0,3.2,-1.4, 
05-apr-2002,0,0.000,0,13.1,0,3.5,-1.7, 
06-apr-2002,0,0.000,0,14.4,0,6.6,4.2, 
07-apr-2002,0,0.000,0,16.9,0,3.0,-2.3, 
08-apr-2002,0,0.000,0,15.6,0,0.8,-2.8, 
09-apr-2002,0,0.000,0,16.0,0,4.8,0.8, 
10-apr-2002,0,2.500,0,13.7,0,5.5,2.9, 
11-apr-2002,0,8.300,0,10.8,0,7.9,7.6, 
12-apr-2002,0,0.000,0,11.1,0,5.7,2.5, 
13-apr-2002,0,9.300,0,10.5,0,0.4,-2.2, 
14-apr-2002,0,0.400,0,10.6,0,4.4,2.4, 
15-apr-2002,0,8.500,0,12.7,0,3.2,0.5, 
16-apr-2002,0,7.600,0,11.0,0,8.2,7.1, 
17-apr-2002,0,0.400,0,11.7,0,4.2,1.0, 
18-apr-2002,0,0.000,0,12.8,0,6.2,2.9, 
19-apr-2002,0,7.700,0,13.0,0,4.2,-0.1, 
20-apr-2002,0,24.600,0,16.5,0,6.2,3.8, 
21-apr-2002,0,19.800,0,14.1,0,11.5,10.0, 
22-apr-2002,0,0.000,0,13.4,0,10.5,9.6, 
23-apr-2002,0,0.000,0,15.4,0,9.9,9.4, 
24-apr-2002,0,6.600,0,16.1,0,10.0,8.4, 
25-apr-2002,0,14.300,0,16.1,0,7.2,5.0, 
26-apr-2002,0,12.300,0,11.5,0,7.6,5.6, 
27-apr-2002,0,18.100,0,11.4,0,6.8,4.7, 
28-apr-2002,0,24.500,0,9.6,0,5.9,3.4, 
29-apr-2002,0,9.900,0,10.6,0,4.1,0.9, 
30-apr-2002,0,11.600,0,10.4,0,4.9,4.6, 
01-may-2002,0,8.200,0,10.6,0,6.3,3.0, 
02-may-2002,0,0.600,0,13.1,0,5.8,4.8, 
03-may-2002,0,0.000,0,13.5,0,3.5,1.2, 
04-may-2002,0,1.000,0,16.2,0,3.4,0.7, 
05-may-2002,0,0.200,0,16.4,0,9.0,8.2, 
06-may-2002,0,0.000,0,19.4,0,4.5,2.4, 
07-may-2002,0,0.000,0,17.3,0,6.5,3.6, 
08-may-2002,0,3.300,0,18.1,0,10.5,9.7, 
09-may-2002,0,13.200,0,12.6,0,9.6,9.1, 
10-may-2002,0,1.400,0,14.7,0,9.1,9.1, 
11-may-2002,0,0.000,0,13.5,0,5.6,3.9, 
12-may-2002,0,15.000,0,14.2,0,3.9,0.1, 
13-may-2002,0,2.300,0,14.6,0,8.6,7.6, 
14-may-2002,0,0.700,0,13.5,0,8.6,6.0, 
15-may-2002,0,2.400,0,14.6,0,9.1,8.9, 
16-may-2002,0,1.000,0,18.8,0,11.1,11.1, 
17-may-2002,0,6.000,0,14.6,0,13.1,13.0, 
18-may-2002,0,11.800,0,15.1,0,7.4,3.8, 
19-may-2002,0,13.700,0,15.4,0,10.2,8.8, 
20-may-2002,0,6.700,0,14.5,0,9.1,5.6, 
21-may-2002,0,28.000,0,15.2,0,8.5,6.6, 
22-may-2002,0,15.200,0,13.0,0,8.8,8.3, 
23-may-2002,0,33.500,0,15.6,0,9.7,8.9, 
24-may-2002,0,28.100,0,12.3,0,8.2,7.5, 
25-may-2002,0,27.800,0,11.9,0,8.0,7.5, 
26-may-2002,0,2.700,0,14.3,0,7.9,6.9, 
27-may-2002,0,5.100,0,14.5,0,9.5,8.5, 
28-may-2002,0,15.700,0,12.6,0,8.6,8.5, 
29-may-2002,0,5.100,0,13.8,0,8.3,6.6, 
30-may-2002,0,0.000,0,13.7,0,8.1,6.0, 
31-may-2002,0,1.600,0,15.2,0,8.3,6.2, 
01-jun-2002,0,5.200,0,16.6,0,9.8,7.8, 
02-jun-2002,0,8.100,0,15.6,0,9.6,9.9, 
03-jun-2002,0,24.500,0,13.6,0,7.2,5.4, 
04-jun-2002,0,7.600,0,13.5,0,7.6,6.2, 
05-jun-2002,0,0.100,0,17.2,0,8.8,7.0, 
06-jun-2002,0,0.900,0,19.5,0,5.5,4.5, 
07-jun-2002,0,4.700,0,14.3,0,11.6,11.7, 
08-jun-2002,0,10.300,0,14.0,0,11.2,11.9, 
09-jun-2002,0,25.300,0,12.9,0,8.2,7.9, 
10-jun-2002,0,9.700,0,13.9,0,8.2,7.4, 
11-jun-2002,0,3.100,0,14.7,0,8.9,9.4, 
12-jun-2002,0,4.600,2,12.8,0,8.6,7.0, 
13-jun-2002,0,27.800,2,14.0,0,10.0,10.0, 
14-jun-2002,0,7.100,0,14.8,0,11.6,11.4, 
15-jun-2002,0,5.000,0,16.7,0,11.6,11.4, 
16-jun-2002,0,29.500,0,16.5,0,11.6,11.4, 
17-jun-2002,0,5.100,0,15.6,2,11.3,8.0, 
18-jun-2002,0,4.000,0,14.4,0,11.5,10.2, 
19-jun-2002,0,0.200,0,15.1,0,11.2,11.0, 
20-jun-2002,0,22.600,0,14.8,0,9.0,6.0, 
21-jun-2002,0,20.000,0,15.3,0,11.5,10.3, 
22-jun-2002,0,8.000,0,15.2,0,10.5,10.6, 
23-jun-2002,0,1.500,0,16.5,2,8.7,6.0, 
24-jun-2002,0,1.000,0,15.2,2,9.5,7.9, 
25-jun-2002,0,1.800,0,15.0,0,10.0,9.5, 
26-jun-2002,0,2.800,0,15.8,0,11.5,10.5, 
27-jun-2002,0,0.100,0,16.9,0,10.6,9.2, 
28-jun-2002,0,11.000,0,14.8,0,9.9,8.1, 
29-jun-2002,0,10.700,0,17.0,0,10.4,9.5, 
30-jun-2002,0,29.400,0,13.8,0,10.0,4.0, 
01-jul-2002,0,7.300,0,13.7,2,8.2,4.2, 
02-jul-2002,0,7.300,0,13.7,0,10.0,9.2, 
03-jul-2002,0,0.500,0,16.6,0,10.2,8.4, 
04-jul-2002,0,14.100,0,14.2,0,11.2,10.0, 
05-jul-2002,0,1.900,0,19.2,0,11.6,10.4, 
06-jul-2002,0,0.800,0,14.8,0,11.5,10.8, 
07-jul-2002,0,6.700,0,14.0,2,10.2,9.6, 
08-jul-2002,0,6.100,0,14.7,2,8.7,4.6, 
09-jul-2002,0,4.200,0,16.5,0,9.2,8.0, 
10-jul-2002,0,3.300,0,16.2,0,10.9,9.5, 
11-jul-2002,0,3.200,0,16.4,0,9.4,8.1, 
12-jul-2002,0,0.200,0,17.4,0,9.8,9.1, 
13-jul-2002,0,2.300,0,18.7,0,6.6,5.6, 
14-jul-2002,0,4.400,0,20.4,0,13.2,13.0, 
15-jul-2002,0,0.100,0,16.9,0,9.4,8.0, 
16-jul-2002,0,0.000,0,15.6,0,12.4,11.1, 
17-jul-2002,0,0.100,0,18.0,0,11.4,10.4, 
18-jul-2002,0,4.700,0,17.0,0,9.4,7.4, 
19-jul-2002,0,5.800,0,16.0,0,11.9,11.1, 
20-jul-2002,0,0.100,0,17.3,0,11.8,9.8, 
21-jul-2002,0,4.000,0,16.5,0,9.5,8.0, 
22-jul-2002,0,2.100,0,16.5,2,12.5,10.3, 
23-jul-2002,0,0.500,0,16.2,0,13.9,13.0, 
24-jul-2002,0,3.200,0,16.3,0,11.9,10.5, 
25-jul-2002,0,0.200,0,16.7,0,13.4,12.5, 
26-jul-2002,0,5.100,0,18.0,0,13.0,11.5, 
27-jul-2002,0,12.900,0,17.3,0,14.2,13.6, 
28-jul-2002,0,0.300,0,17.8,0,14.8,13.4, 
29-jul-2002,0,1.500,0,19.3,0,13.6,5.5, 
30-jul-2002,0,5.600,0,19.4,0,10.5,10.5, 
31-jul-2002,0,1.900,0,18.0,0,11.5,9.0, 
01-aug-2002,0,0.200,0,23.1,4, , , 
02-aug-2002,0,0.100,0,25.9,4, , , 
03-aug-2002,0,0.000,0,22.2,4, , , 
04-aug-2002,0,0.000,0,21.9,4, , , 
05-aug-2002,0,12.000,0,21.4,4, , , 
06-aug-2002,0,3.100,0,19.0,4, , , 
07-aug-2002,0,14.800,0,16.3,4, , , 
08-aug-2002,0,3.300,0,16.3,4, , , 
09-aug-2002,0,0.400,0,16.0,4, , , 
10-aug-2002,0,10.100,0,16.0,4, , , 
11-aug-2002,0,1.100,0,15.2,4, , , 
12-aug-2002,0,9.500,0,16.8,4, , , 
13-aug-2002,0,13.600,0,17.0,4, , , 
14-aug-2002,0,28.000,0,17.1,4, , , 
15-aug-2002,0,0.200,0,16.9,4, , , 
16-aug-2002,0,6.700,0,18.1,4, , , 
17-aug-2002,0,1.500,0,17.0,4, , , 
18-aug-2002,0,0.400,0,18.0,4, , , 
19-aug-2002,0,0.100,0,18.6,4, , , 
20-aug-2002,0,0.100,0,18.3,4, , , 
21-aug-2002,0,0.100,0,19.5,4, , , 
22-aug-2002,0,0.000,0,20.7,4, , , 
23-aug-2002,0,4.000,0,19.2,4, , , 
24-aug-2002,0,0.200,0,15.9,4, , , 
25-aug-2002,0,0.100,0,18.6,4, , , 
26-aug-2002,0,3.700,0,19.9,4, , , 
27-aug-2002,0,4.000,0,19.9,4, , , 
28-aug-2002,0,11.600,0,18.0,4, , , 
29-aug-2002,0,22.300,0,18.1,4, , , 
30-aug-2002,0,3.000,0,18.0,4, , , 
31-aug-2002,0,0.200,0,16.3,4, , , 
01-sep-2002,0,0.200,0,17.7,0,2.6,0.6, 
02-sep-2002,4,0.000,0,17.7,0,8.3,5.0, 
03-sep-2002,4,0.000,0,19.6,0,9.7,10.0, 
04-sep-2002,0,5.500,0,18.9,0,8.2,4.0, 
05-sep-2002,0,2.400,0,15.6,0,13.0,11.3, 
06-sep-2002,0,18.700,0,15.9,0,10.9,8.6, 
07-sep-2002,0,5.800,0,15.5,0,10.9,9.2, 
08-sep-2002,0,13.400,0,14.1,0,10.7,9.5, 
09-sep-2002,0,0.400,0,17.5,0,9.9,7.4, 
10-sep-2002,0,8.200,0,18.4,0,6.9,3.5, 
11-sep-2002,0,10.600,0,19.0,0,13.4,10.9, 
12-sep-2002,0,0.000,0,20.1,0,14.1,11.1, 
13-sep-2002,0,0.000,0,21.0,0,15.1,12.1, 
14-sep-2002,0,0.000,0,20.4,0,11.1,7.9, 
15-sep-2002,0,0.000,0,22.9,0,7.6,2.0, 
16-sep-2002,0,0.000,0,17.3,0,7.9,4.5, 
17-sep-2002,0,0.000,0,15.4,0,11.3,9.5, 
18-sep-2002,0,0.000,0,17.8,0,11.4,11.1, 
19-sep-2002,0,0.000,0,18.0,0,12.0,10.0, 
20-sep-2002,0,0.000,0,18.7,0,8.2,5.3, 
21-sep-2002,0,0.000,0,19.2,0,6.9,4.0, 
22-sep-2002,0,0.000,0,18.1,0,7.0,4.1, 
23-sep-2002,0,0.000,0,17.2,0,9.1,5.5, 
24-sep-2002,0,0.000,0,18.5,0,7.6,3.5, 
25-sep-2002,0,0.000,0,18.0,0,4.9,1.9, 
26-sep-2002,0,0.000,0,17.0,2,8.4,4.7, 
27-sep-2002,0,0.000,0,17.6,0,7.1,2.9, 
28-sep-2002,0,0.000,0,17.8,0,9.9,6.1, 
29-sep-2002,0,0.600,0,18.2,0,14.2,12.0, 
30-sep-2002,0,3.700,0,19.6,0,15.2,14.0, 
01-oct-2002,0,10.300,0,19.3,0,16.2,15.0, 
02-oct-2002,0,7.400,0,17.1,0,15.7,13.0, 
03-oct-2002,0,1.000,0,18.5,0,10.7,9.8, 
04-oct-2002,0,0.000,0,18.4,0,9.9,6.3, 
05-oct-2002,0,0.000,0,18.7,2,10.8,6.1, 
06-oct-2002,0,0.000,0,17.5,0,6.4,3.8, 
07-oct-2002,0,28.700,0,15.0,0,10.9,9.5, 
08-oct-2002,0,1.700,0,16.0,0,11.3,11.9, 
09-oct-2002,0,1.700,0,13.6,0,10.6,10.9, 
10-oct-2002,0,4.800,0,15.8,0,8.2,5.1, 
11-oct-2002,0,14.400,0,14.5,0,10.1,8.9, 
12-oct-2002,0,2.900,0,14.7,0,6.5,4.4, 
13-oct-2002,0,1.800,0,14.7,0,3.5,1.4, 
14-oct-2002,0,0.300,0,13.8,0,2.2,-0.4, 
15-oct-2002,0,0.200,0,11.6,0,3.8,-1.3, 
16-oct-2002,0,1.900,0,12.4,0,4.3,1.4, 
17-oct-2002,0,2.600,0,12.5,0,2.6,-0.6, 
18-oct-2002,0,0.700,0,12.0,0,6.4,2.9, 
19-oct-2002,0,5.300,0,11.0,0,0.4,-3.0, 
20-oct-2002,0,40.500,0,11.0,0,2.3,-0.1, 
21-oct-2002,0,13.100,0,11.5,0,0.1,0.6, 
22-oct-2002,0,5.000,0,10.5,2,7.5,6.8, 
23-oct-2002,0,3.900,0,10.0,0,3.9,2.1, 
24-oct-2002,0,33.800,0,12.6,0,1.0,-1.2, 
25-oct-2002,0,10.800,0,12.0,0,6.2,4.9, 
26-oct-2002,0,34.300,0,13.6,0,7.6,4.1, 
27-oct-2002,0,11.100,0,13.6,0,6.9,6.0, 
28-oct-2002,0,19.100,0,10.4,0,6.9,3.2, 
29-oct-2002,0,0.100,0,10.7,0,6.9,6.5, 
30-oct-2002,0,0.000,0,12.0,0,5.3,2.4, 
31-oct-2002,0,6.300,0,14.2,0,5.7,5.3, 
01-nov-2002,0,8.000,0,14.7,0,9.0,8.9, 
02-nov-2002,0,35.600,0,16.5,0,10.0,7.2, 
03-nov-2002,0,7.300,0,12.7,0,9.7,7.3, 
04-nov-2002,0,10.400,0,13.8,0,9.1,7.5, 
05-nov-2002,0,6.700,0,14.0,0,9.0,6.8, 
06-nov-2002,0,7.000,0,11.7,0,9.1,6.9, 
07-nov-2002,0,35.800,0,14.3,0,6.6,3.1, 
08-nov-2002,0,15.800,0,14.5,0,6.6,7.2, 
09-nov-2002,0,21.800,0,14.4,0,11.5,10.9, 
10-nov-2002,0,7.300,0,12.7,0,8.9,7.6, 
11-nov-2002,0,3.500,0,9.2,0,6.9,5.0, 
12-nov-2002,0,8.000,0,11.1,0,5.5,3.9, 
13-nov-2002,0,11.600,0,11.0,0,5.6,3.4, 
14-nov-2002,0,23.000,0,9.5,0,6.4,3.9, 
15-nov-2002,0,2.700,0,9.6,0,7.2,6.5, 
16-nov-2002,0,0.300,0,9.7,0,5.4,3.5, 
17-nov-2002,0,2.000,0,8.7,1,-0.3,-3.5, 
18-nov-2002,0,0.600,0,11.0,0,2.3,0.5, 
19-nov-2002,0,7.500,0,11.1,0,6.7,6.0, 
20-nov-2002,0,30.100,0,10.1,0,4.4,0.5, 
21-nov-2002,0,4.300,0,10.5,0,6.7,4.4, 
22-nov-2002,0,3.900,0,11.1,0,7.9,4.5, 
23-nov-2002,0,10.400,0,11.7,0,7.1,4.0, 
24-nov-2002,0,15.700,0,12.3,0,8.1,6.4, 
25-nov-2002,0,7.200,0,12.4,0,8.2,6.4, 
26-nov-2002,0,26.800,0,13.1,0,8.6,7.5, 
27-nov-2002,0,19.400,0,12.3,0,10.7,9.7, 
28-nov-2002,0,6.100,0,11.4,0,7.9,6.1, 
29-nov-2002,0,19.200,0,12.7,0,8.0,6.0, 
30-nov-2002,0,12.600,0,11.9,0,6.6,5.7, 
01-dec-2002,0,22.300,0,10.9,0,6.6,5.1, 
02-dec-2002,0,5.100,0,10.9,0,7.5,5.5, 
03-dec-2002,0,6.600,0,11.7,0,7.2,3.9, 
04-dec-2002,0,0.600,0,10.1,0,6.1,4.0, 
05-dec-2002,0,0.100,0,8.8,0,3.8,-0.2, 
06-dec-2002,0,0.000,0,9.5,0,3.8,1.8, 
07-dec-2002,0,1.500,0,8.5,0,3.2,-0.4, 
08-dec-2002,0,0.500,0,7.1,0,5.4,5.0, 
09-dec-2002,0,0.000,0,6.4,0,4.9,4.5, 
10-dec-2002,0,0.000,0,5.7,0,2.9,0.3, 
11-dec-2002,0,1.400,0,6.2,0,3.0,1.0, 
12-dec-2002,0,0.100,0,6.3,0,3.0,0.2, 
13-dec-2002,0,0.000,0,7.0,0,3.7,1.6, 
14-dec-2002,0,0.000,0,7.0,0,4.5,1.5, 
15-dec-2002,0,0.000,0,6.9,0,4.3,1.5, 
16-dec-2002,0,0.000,0,7.1,0,4.9,1.2, 
17-dec-2002,0,0.000,0,6.0,1,-0.8,-4.6, 
18-dec-2002,0,0.000,0,7.4,1,-0.5,-4.0, 
19-dec-2002,0,0.000,0,8.8,0,3.5,0.2, 
20-dec-2002,0,1.100,0,12.1,0,5.9,4.7, 
21-dec-2002,0,19.100,0,12.0,0,7.5,6.8, 
22-dec-2002,0,22.000,0,13.3,0,8.8,7.7, 
23-dec-2002,0,22.900,0,13.0,0,8.1,4.7, 
24-dec-2002,0,6.100,0,11.5,0,9.9,9.4, 
25-dec-2002,0,3.800,0,10.9,0,5.1,1.5, 
26-dec-2002,0,0.700,0,10.8,0,8.4,7.2, 
27-dec-2002,0,2.200,0,10.2,0,7.8,6.4, 
28-dec-2002,0,25.500,0,11.6,0,7.5,4.5, 
29-dec-2002,0,12.600,0,12.1,0,6.9,6.4, 
30-dec-2002,0,3.000,0,10.3,0,8.2,6.6, 
31-dec-2002,0,17.300,0,11.1,0,7.2,6.7, 
01-jan-2003,0,11.600,0,10.8,0,7.8,7.0, 
02-jan-2003,0,0.200,0,8.0,0,7.5,7.7, 
03-jan-2003,0,0.000,0,5.4,0,2.9,0.2, 
04-jan-2003,0,0.000,0,4.8,1,-2.6,-6.7, 
05-jan-2003,0,0.000,0,4.8,1,-2.5,-5.8, 
06-jan-2003,0,0.000,0,5.5,0,2.6,-0.5, 
07-jan-2003,0,0.000,0,3.9,0,2.2,-0.4, 
08-jan-2003,0,0.000,0,5.6,0,0.4,-3.6, 
09-jan-2003,0,0.000,0,6.5,0,1.9,-2.2, 
10-jan-2003,0,0.000,0,4.6,3,-2.0,-2.6, 
11-jan-2003,0,0.000,0,10.0,1,-2.0,-5.9, 
12-jan-2003,0,8.400,0,11.0,1,-1.6,-5.5, 
13-jan-2003,0,5.500,0,12.2,0,8.9,7.1, 
14-jan-2003,0,15.900,0,11.3,0,10.0,8.5, 
15-jan-2003,0,3.000,0,10.7,0,5.5,2.5, 
16-jan-2003,0,32.400,0,11.8,0,6.2,4.4, 
17-jan-2003,0,6.100,0,9.8,0,5.5,3.3, 
18-jan-2003,0,8.000,0,9.9,0,5.5,1.6, 
19-jan-2003,0,20.000,0,9.9,0,4.5,1.5, 
20-jan-2003,0,0.300,0,9.1,0,4.3,1.3, 
21-jan-2003,0,5.600,0,8.1,0,2.0,-1.3, 
22-jan-2003,0,0.300,0,8.9,0,1.5,-0.8, 
23-jan-2003,0,11.700,0,12.0,0,1.2,-2.0, 
24-jan-2003,0,31.700,0,12.4,0,8.4,7.6, 
25-jan-2003,0,5.800,0,12.0,0,8.0,3.7, 
26-jan-2003,0,2.800,0,13.2,0,8.5,5.8, 
27-jan-2003,0,4.700,0,11.4,0,10.0,9.5, 
28-jan-2003,0,2.900,0,8.3,0,5.3,3.3, 
29-jan-2003,0,7.800,0,8.6,0,4.5,2.4, 
30-jan-2003,0,0.600,0,6.2,0,5.4,4.5, 
31-jan-2003,0,14.100,0,9.9,2,2.8,1.0, 
01-feb-2003,0,12.300,0,9.9,0,3.4,0.4, 
02-feb-2003,0,18.800,0,7.5,0,4.9,1.9, 
03-feb-2003,0,4.900,0,5.9,0,2.9,-0.5, 
04-feb-2003,0,0.700,0,6.7,1,-0.5,-2.8, 
05-feb-2003,0,4.400,0,10.5,0,0.5,-2.2, 
06-feb-2003,0,1.900,0,10.7,0,4.0,4.4, 
07-feb-2003,0,16.100,0,10.7,0,6.9,4.4, 
08-feb-2003,0,7.400,0,10.4,2,8.5,7.8, 
09-feb-2003,0,30.300,0,10.5,0,4.5,1.5, 
10-feb-2003,0,2.800,0,11.6,0,4.5,2.1, 
11-feb-2003,0,0.300,0,10.3,0,4.6,0.9, 
12-feb-2003,0,0.100,0,10.4,0,0.2,-3.6, 
13-feb-2003,0,0.400,0,7.8,0,0.1,-1.9, 
14-feb-2003,0,0.100,0,8.2,0,3.3,1.6, 
15-feb-2003,0,0.000,0,7.9,0,1.0,-2.6, 
16-feb-2003,0,3.700,0,8.9,0,2.9,-0.3, 
17-feb-2003,0,0.000,0,6.8,0,4.9,-2.9, 
18-feb-2003,0,0.000,0,6.7,0,3.8,1.1, 
19-feb-2003,0,0.300,0,6.9,0,3.9,2.0, 
20-feb-2003,0,0.000,0,7.4,0,0.8,-1.4, 
21-feb-2003,0,0.000,0,9.8,1,-0.2,-5.1, 
22-feb-2003,0,10.900,0,12.2,0,4.2,2.5, 
23-feb-2003,0,0.200,0,10.9,0,6.8,4.5, 
24-feb-2003,4,0.000,0,11.2,0,4.2,1.8, 
25-feb-2003,0,2.600,0,11.4,0,5.6,4.6, 
26-feb-2003,0,2.900,0,11.3,0,8.4,6.1, 
27-feb-2003,0,9.700,0,13.0,0,7.7,4.6, 
28-feb-2003,0,33.800,2,10.0,0,8.2,7.0, 
01-mar-2003,0,0.400,0,10.0,0,4.7,2.1, 
02-mar-2003,0,7.300,0,11.6,0,2.8,-0.5, 
03-mar-2003,0,16.800,0,11.8,0,6.0,5.6, 
04-mar-2003,0,16.700,0,11.3,0,8.5,8.0, 
05-mar-2003,0,6.100,0,10.4,0,6.7,4.0, 
06-mar-2003,0,16.700,0,10.4,0,3.9,2.5, 
07-mar-2003,0,20.000,0,11.1,0,2.7,-0.8, 
08-mar-2003,0,38.200,0,11.7,0,3.9,0.9, 
09-mar-2003,0,5.200,0,11.4,0,8.6,8.5, 
10-mar-2003,0,5.000,0,10.4,0,6.2,4.2, 
11-mar-2003,0,2.100,0,10.8,0,6.9,5.0, 
12-mar-2003,0,0.000,0,10.7,0,5.2,1.3, 
13-mar-2003,0,0.000,0,10.7,0,1.3,-2.2, 
14-mar-2003,0,0.000,0,10.5,0,4.0,2.3, 
15-mar-2003,0,0.000,0,10.4,0,4.7,2.0, 
16-mar-2003,0,0.000,0,13.5,0,3.7,-0.5, 
17-mar-2003,0,0.000,0,16.6,0,4.4,-1.1, 
18-mar-2003,0,0.000,0,16.7,0,4.7,1.0, 
19-mar-2003,0,0.000,0,12.7,0,2.1,-1.5, 
20-mar-2003,0,0.000,0,13.0,0,5.4,3.0, 
21-mar-2003,0,0.000,0,13.4,0,8.0,5.9, 
22-mar-2003,0,0.000,0,10.2,0,6.8,4.6, 
23-mar-2003,0,0.000,0,15.6,0,0.9,-2.9, 
24-mar-2003,0,0.000,0,12.9,0,5.1,0.9, 
25-mar-2003,0,3.100,0,14.7,0,8.0,4.3, 
26-mar-2003,0,0.200,0,14.3,0,5.3,1.2, 
27-mar-2003,0,0.000,0,17.4,0,7.8,5.1, 
28-mar-2003,0,0.000,0,13.9,0,4.1,0.5, 
29-mar-2003,0,0.300,0,12.6,0,4.3,1.0, 
30-mar-2003,0,0.000,0,13.0,0,7.5,6.0, 
31-mar-2003,0,10.800,0,11.9,0,3.8,-0.4, 
01-apr-2003,0,1.800,0,10.7,0,7.4,1.0, 
02-apr-2003,0,1.100,0,11.9,0,7.3,5.0, 
03-apr-2003,0,0.100,0,15.3,0,8.4,8.0, 
04-apr-2003,0,0.000,0,15.1,0,5.7,4.5, 
05-apr-2003,0,0.000,0,16.0,0,5.1,3.8, 
06-apr-2003,0,0.000,0,19.6,0,4.7,1.4, 
07-apr-2003,0,0.000,0,14.6,0,7.4,4.5, 
08-apr-2003,0,0.000,0,13.2,0,7.0,5.0, 
09-apr-2003,0,0.000,0,12.1,0,1.6,-3.3, 
10-apr-2003,0,0.000,0,11.6,0,3.0,-2.4, 
11-apr-2003,0,0.000,0,11.0,0,1.7,-0.8, 
12-apr-2003,0,2.300,0,12.0,0,5.7,4.0, 
13-apr-2003,0,38.500,0,12.1,0,5.9,2.7, 
14-apr-2003,0,0.200,0,15.6,0,8.2,7.5, 
15-apr-2003,0,0.000,0,15.4,0,10.9,7.5, 
16-apr-2003,0,0.000,0,20.3,0,9.8,7.1, 
17-apr-2003,0,0.000,0,23.3,0,10.0,2.3, 
18-apr-2003,0,0.000,0,22.0,0,10.7,6.0, 
19-apr-2003,0,0.000,0,19.2,0,9.0, , 
20-apr-2003,0,0.100,0,14.0,0,5.9,3.8, 
21-apr-2003,0,0.000,0,11.8,0,6.6,3.3, 
22-apr-2003,0,0.000,0,14.1,0,2.8,-1.3, 
23-apr-2003,0,0.100,0,17.4,0,3.1,-0.4, 
24-apr-2003,0,34.900,0,14.2,0,10.0,6.6, 
25-apr-2003,0,29.200,0,14.1,0,8.4,5.6, 
26-apr-2003,0,16.100,0,14.2,0,8.4,7.6, 
27-apr-2003,0,0.900,0,14.2,0,8.9,8.5, 
28-apr-2003,0,0.000,0,14.1,0,7.7,6.1, 
29-apr-2003,0,4.200,0,15.6,0,4.1,0.9, 
30-apr-2003,0,2.500,0,13.1,0,7.2,7.5, 
01-may-2003,0,0.000,0,14.0,0,8.3,7.1, 
02-may-2003,0,4.800,0,13.8,0,3.8,0.1, 
03-may-2003,0,16.300,0,12.4,0,6.2,3.9, 
04-may-2003,0,9.100,0,10.9,0,8.9,7.7, 
05-may-2003,0,1.800,0,10.9,0,5.7,3.5, 
06-may-2003,0,2.000,0,11.9,0,5.8,3.2, 
07-may-2003,0,16.100,0,12.6,0,5.5,4.4, 
08-may-2003,0,3.500,0,12.3,0,8.5,5.0, 
09-may-2003,1,2.700,2,11.9,0,6.6,5.2, 
10-may-2003,1,5.800,0,11.7,2,6.3,5.0, 
11-may-2003,0,10.100,0,11.4,0,6.0,4.5, 
12-may-2003,0,10.000,0,12.4,0,5.2,3.7, 
13-may-2003,0,1.200,0,12.6,0,5.6,0.1, 
14-may-2003,0,4.000,0,13.3,0,3.3,1.0, 
15-may-2003,0,8.900,0,12.2,0,5.0,3.1, 
16-may-2003,0,10.200,0,13.6,0,9.1,9.6, 
17-may-2003,0,11.900,0,12.5,0,9.9,9.1, 
18-may-2003,0,14.100,0,12.6,0,9.4,8.7, 
19-may-2003,0,17.300,0,11.8,0,8.0,7.7, 
20-may-2003,0,11.200,0,12.2,0,7.6,6.6, 
21-may-2003,0,47.100,0,13.4,2,8.0,7.0, 
22-may-2003,0,6.500,0,13.7,0,10.2,10.4, 
23-may-2003,0,11.700,0,12.8,0,9.5,8.6, 
24-may-2003,0,0.700,0,13.1,0,8.5,8.2, 
25-may-2003,0,0.200,0,14.3,0,7.2,5.4, 
26-may-2003,0,4.200,0,14.4,0,8.6,7.8, 
27-may-2003,0,0.000,0,15.7,0,10.2,10.2, 
28-may-2003,0,0.000,0,17.3,0,12.4,10.3, 
29-may-2003,0,0.000,0,19.7,0,10.6,9.6, 
30-may-2003,0,0.000,0,23.4,0,9.2,7.1, 
31-may-2003,0,14.400,0,15.6,0,11.3,11.0, 
01-jun-2003,0,3.900,0,16.5,0,12.1,12.0, 
02-jun-2003,0,1.300,0,15.2,0,9.9,9.0, 
03-jun-2003,0,23.000,0,15.4,0,10.7,8.7, 
04-jun-2003,0,1.700,0,16.6,0,10.1,7.7, 
05-jun-2003,0,20.400,0,15.4,0,11.1,8.2, 
06-jun-2003,0,9.000,0,16.6,2,10.2,8.1, 
07-jun-2003,0,0.300,0,16.7,0,12.1,9.5, 
08-jun-2003,0,2.000,0,15.1,0,12.3,6.1, 
09-jun-2003,0,30.700,0,15.2,0,9.8,8.4, 
10-jun-2003,0,2.000,0,14.2,0,11.3,11.6, 
11-jun-2003,0,8.200,0,16.3,0,10.7,9.5, 
12-jun-2003,0,1.400,0,14.0,0,9.7,9.4, 
13-jun-2003,0,0.000,0,17.8,0,10.0,8.9, 
14-jun-2003,0,2.700,0,18.3,0,10.2,9.2, 
15-jun-2003,0,0.000,0,19.5,0,12.2,12.9, 
16-jun-2003,0,3.600,0,18.1,0,13.4,12.7, 
17-jun-2003,0,7.200,0,16.9,0,11.3,11.3, 
18-jun-2003,0,1.200,0,14.9,0,12.1,12.2, 
19-jun-2003,0,1.100,0,15.1,0,11.6,11.4, 
20-jun-2003,0,0.000,0,16.1,0,11.1,11.0, 
21-jun-2003,0,0.000,0,20.4,0,10.9,9.5, 
22-jun-2003,0,0.500,0,18.2,0,13.3,13.2, 
23-jun-2003,0,0.000,0,18.2,0,11.4,9.0, 
24-jun-2003,0,0.000,0,18.3,0,7.7,5.2, 
25-jun-2003,0,0.000,0,19.7,0,7.5,6.4, 
26-jun-2003,0,15.600,0,18.0,0,12.3,10.2, 
27-jun-2003,0,0.000,0,16.5,0,10.6,10.9, 
28-jun-2003,0,0.000,0,18.7,0,8.6,7.5, 
29-jun-2003,0,13.700,0,20.7,0,13.1,11.3, 
30-jun-2003,0,12.500,0,16.2,0,13.0,12.6, 
01-jul-2003,0,0.000,0,20.2,0,13.0,12.9, 
02-jul-2003,0,0.800,0,19.1,0,12.3,10.6, 
03-jul-2003,0,1.100,0,15.2,0,11.4,11.5, 
04-jul-2003,0,0.000,0,16.8,0,11.2, , 
05-jul-2003,0,7.600,0,15.9,0,11.9, , 
06-jul-2003,0,7.900,0,17.2,0,11.7, , 
07-jul-2003,0,3.500,0,18.7,0,13.1, , 
08-jul-2003,0,0.900,0,19.7,0,13.4, , 
09-jul-2003,0,11.600,0,18.5,0,13.4, , 
10-jul-2003,0,0.600,0,16.7,0,14.0, , 
11-jul-2003,0,0.000,0,16.4,0,12.5, , 
12-jul-2003,0,0.000,0,16.8,0,13.3, , 
13-jul-2003,0,2.400,0,20.2,0,12.8, , 
14-jul-2003,0,0.300,0,20.1,0,14.1, , 
15-jul-2003,0,3.300,0,19.6,0,14.2, , 
16-jul-2003,0,12.300,0,18.3,0,14.3, , 
17-jul-2003,0,7.200,0,16.8,0,13.6, , 
18-jul-2003,0,12.800,0,20.9,0,11.4, , 
19-jul-2003,0,2.100,0,19.2,0,15.2, , 
20-jul-2003,0,3.900,0,19.2,0,13.3, , 
21-jul-2003,0,3.400,0,18.3,0,9.6, , 
22-jul-2003,0,17.300,0,16.8,0,12.2, , 
23-jul-2003,0,10.800,0,15.8,0,13.9, , 
24-jul-2003,0,25.100,0,15.7,0,12.5, , 
25-jul-2003,0,1.500,0,16.9,0,12.8, , 
26-jul-2003,0,5.900,0,16.7,0,9.6, , 
27-jul-2003,0,15.400,0,18.6,0,11.1, , 
28-jul-2003,0,21.400,0,17.1,0,11.4, , 
29-jul-2003,0,3.900,0,16.4,0,13.1, , 
30-jul-2003,0,10.100,0,18.3,0,12.6, , 
31-jul-2003,0,1.800,0,15.7,0,13.2, , 
01-aug-2003,1,0.500,0,17.9,0,12.0, , 
02-aug-2003,1,0.400,0,17.9,0,12.0, , 
03-aug-2003,0,4.900,0,17.3,0,12.5, , 
04-aug-2003,0,0.100,0,23.7,0,15.5, , 
05-aug-2003,0,0.000,0,26.7,0,14.9, , 
06-aug-2003,0,0.000,0,25.1,0,15.5, , 
07-aug-2003,0,0.000,0,26.4,0,12.2, , 
08-aug-2003,0,0.300,0,29.2,0,15.4, , 
09-aug-2003,0,0.000,0,21.1,0,15.6, , 
10-aug-2003,0,0.000,0,21.7,0,12.9, , 
11-aug-2003,0,0.000,0,21.3,0,13.1, , 
12-aug-2003,0,5.000,0,21.1,0,10.8, , 
13-aug-2003,0,0.000,0,19.1,0,13.5, , 
14-aug-2003,0,0.000,0,21.6,0,8.6, , 
15-aug-2003,0,0.000,0,21.0,0,7.9, , 
16-aug-2003,1,0.300,0,21.2,0,8.5, , 
17-aug-2003,1,8.100,0,17.6,0,14.7, , 
18-aug-2003,0,0.000,0,16.7,0,12.9, , 
19-aug-2003,0,6.900,0,16.3,0,13.2, , 
20-aug-2003,0,5.500,0,17.9,0,13.2, , 
21-aug-2003,0,15.500,0,17.6,0,14.3,12.5, 
22-aug-2003,0,26.000,0,18.5,0,13.7,13.5, 
23-aug-2003,0,0.200,0,21.4,0,14.7,13.4, 
24-aug-2003,0,0.000,0,25.8,0,14.3,13.2, 
25-aug-2003,0,0.000,0,22.1,0,16.0,15.1, 
26-aug-2003,0,0.000,0,19.6,0,14.8,12.6, 
27-aug-2003,0,0.000,0,20.5,0,12.5,11.3, 
28-aug-2003,0,0.300,0,17.7,0,11.9,11.0, 
29-aug-2003,0,2.200,0,17.4,0,12.2,10.1, 
30-aug-2003,0,0.100,0,18.0,0,9.9,7.9, 
31-aug-2003,0,1.100,0,18.0,0,11.3,9.6, 
01-sep-2003,0,0.400,0,17.1,0,11.2,10.8, 
02-sep-2003,0,0.000,0,18.5,0,12.6,12.0, 
03-sep-2003,0,0.000,0,18.2,0,8.7,8.3, 
04-sep-2003,0,2.800,0,17.5,0,12.2,10.2, 
05-sep-2003,0,17.100,0,18.0,0,12.3,11.5, 
06-sep-2003,0,2.800,0,16.8,0,10.3,9.4, 
07-sep-2003,0,10.400,0,16.6,0,10.3,8.9, 
08-sep-2003,0,2.600,0,16.5,0,7.0,5.5, 
09-sep-2003,0,9.400,0,16.6,0,11.5,10.0, 
10-sep-2003,0,19.400,0,17.7,0,11.9,11.8, 
11-sep-2003,0,1.000,0,17.3,0,13.3,13.3, 
12-sep-2003,0,5.500,0,17.7,0,8.2,7.2, 
13-sep-2003,0,15.200,0,18.7,0,13.2,12.6, 
14-sep-2003,0,8.200,0,18.7,0,15.9,15.7, 
15-sep-2003,0,0.000,0,16.4,0,14.9,15.1, 
16-sep-2003,0,0.000,0,21.5,0,14.5,14.4, 
17-sep-2003,0,5.100,0,17.8,0,14.5,10.6, 
18-sep-2003,0,5.900,0,15.7,0,13.7,13.3, 
19-sep-2003,0,4.400,0,15.9,0,9.6,8.8, 
20-sep-2003,0,0.400,0,17.5,0,8.3,7.2, 
21-sep-2003,0,7.500,0,19.1,0,9.4,7.4, 
22-sep-2003,0,2.000,0,17.6,0,9.3,8.1, 
23-sep-2003,0,0.700,0,13.9,0,7.9,5.8, 
24-sep-2003,0,0.000,0,16.4,0,9.1,8.0, 
25-sep-2003,0,8.100,0,15.5,0,12.9,11.2, 
26-sep-2003,0,0.000,0,15.8,0,9.6,9.0, 
27-sep-2003,0,1.900,0,13.9,0,4.3,0.9, 
28-sep-2003,0,5.000,0,15.7,0,8.4,7.4, 
29-sep-2003,0,0.400,0,14.9,0,10.7,10.5, 
30-sep-2003,0,0.000,0,16.0,0,8.0,6.7, 
01-oct-2003,0,0.000,0,14.5,0,10.0,9.5, 
02-oct-2003,0,1.500,0,18.3,0,6.2,3.6, 
03-oct-2003,0,0.000,0,16.7,0,10.7,10.0, 
04-oct-2003,0,0.300,0,13.9,0,10.5,8.3, 
05-oct-2003,0,25.800,0,13.4,0,5.9,5.5, 
06-oct-2003,0,10.600,0,14.6,0,9.6,8.5, 
07-oct-2003,0,3.000,0,13.6,0,10.6,9.2, 
08-oct-2003,0,2.000,0,15.2,0,10.6, , 
09-oct-2003,0,6.000,0,17.6,0,13.1, , 
10-oct-2003,0,5.900,0,17.8,0,10.7, , 
11-oct-2003,0,2.500,0,15.7,0,11.4, , 
12-oct-2003,0,0.000,0,15.4,0,12.6, , 
13-oct-2003,0,0.000,0,15.1,0,10.1, , 
14-oct-2003,0,0.000,0,16.9,0,13.1, , 
15-oct-2003,0,0.000,0,17.4,0,12.1, , 
16-oct-2003,0,0.000,0,14.9,0,6.3, , 
17-oct-2003,0,0.000,0,15.0,0,7.4, , 
18-oct-2003,0,0.000,0,15.5,0,6.7,0.5, 
19-oct-2003,0,0.000,0,13.4,2,4.9,3.2, 
20-oct-2003,0,3.500,0,9.9,0,1.1,-2.8, 
21-oct-2003,0,1.400,0,11.5,0,2.0,-0.9, 
22-oct-2003,0,0.000,0,9.3,0,3.8,0.4, 
23-oct-2003,0,0.000,0,9.7,0,6.0,3.0, 
24-oct-2003,0,0.500,0,12.1,0,0.2,-4.3, 
25-oct-2003,0,5.400,0,11.4,0,5.1,0.4, 
26-oct-2003,0,0.100,0,11.6,0,7.7,6.0, 
27-oct-2003,0,2.400,0,12.6,0,3.5,1.0, 
28-oct-2003,0,11.400,0,12.3,0,10.3,9.5, 
29-oct-2003,0,4.700,0,11.7,0,6.0,4.5, 
30-oct-2003,0,38.000,0,10.6,0,4.6,3.0, 
31-oct-2003,1,4.000,0,9.4,0,6.1,5.2, 
01-nov-2003,0,27.600,0,11.2,0,2.3,-0.8, 
02-nov-2003,0,17.000,0,13.2,0,4.0,3.8, 
03-nov-2003,0,3.500,2,12.9,0,7.4,6.2, 
04-nov-2003,0,23.100,0,13.6,0,9.5,7.4, 
05-nov-2003,0,23.400,0,14.8,0,12.5,11.4, 
06-nov-2003,0,0.000,0,15.1,0,8.4,4.4, 
07-nov-2003,0,0.000,0,16.2,0,11.0,9.8, 
08-nov-2003,0,4.800,2,11.7,0,8.2,5.9, 
09-nov-2003,0,18.000,0,11.3,0,7.4,6.1, 
10-nov-2003,0,22.100,0,13.0,0,7.5,5.9, 
11-nov-2003,0,15.500,0,13.1,2,7.8,3.1, 
12-nov-2003,0,8.100,0,13.1,2,7.0,5.0, 
13-nov-2003,0,41.300,0,10.8,0,7.5,5.4, 
14-nov-2003,0,16.200,0,12.1,0,9.6,8.9, 
15-nov-2003,0,4.300,0,11.8,0,6.2,4.8, 
16-nov-2003,0,9.300,2,13.4,0,4.9,1.6, 
17-nov-2003,0,8.600,0,13.4,0,5.6,4.8, 
18-nov-2003,0,8.900,0,14.2,0,12.6,12.3, 
19-nov-2003,0,4.600,0,14.4,0,9.7,8.6, 
20-nov-2003,0,11.200,0,11.5,0,7.0,3.2, 
21-nov-2003,0,1.600,0,11.4,0,2.7,-0.7, 
22-nov-2003,0,5.000,0,9.4,0,4.0,0.5, 
23-nov-2003,0,3.400,0,9.5,0,4.4,1.5, 
24-nov-2003,0,7.600,0,10.2,0,2.5,-0.8, 
25-nov-2003,0,23.400,0,12.0,0,6.0,3.6, 
26-nov-2003,0,4.100,0,9.2,0,3.6,2.0, 
27-nov-2003,0,10.100,0,8.7,0,3.6,-0.5, 
28-nov-2003,0,17.700,0,12.3,0,5.0,1.5, 
29-nov-2003,0,5.000,0,12.4,0,7.8,7.4, 
30-nov-2003,0,2.800,0,10.1,0,3.4,0.4, 
01-dec-2003,0,0.600,0,9.1,1,-0.2,-4.1, 
02-dec-2003,0,0.500,0,10.1,0,5.9,4.1, 
03-dec-2003,0,0.000,0,10.9,0,6.2,3.2, 
04-dec-2003,0,0.000,0,9.5,0,0.7,-2.9, 
05-dec-2003,0,0.000,0,13.2,0,2.1,-0.7, 
06-dec-2003,0,0.000,0,12.1,0,8.5,6.4, 
07-dec-2003,0,0.000,0,7.3,0,5.4,3.7, 
08-dec-2003,0,1.300,0,10.7,0,2.6,0.0, 
09-dec-2003,0,8.100,0,11.6,0,4.5,3.2, 
10-dec-2003,0,31.700,0,11.2,0,8.5,6.6, 
11-dec-2003,0,14.800,0,13.1,0,6.1,3.5, 
12-dec-2003,0,10.400,0,13.5,0,4.1,0.1, 
13-dec-2003,0,6.800,0,11.2,0,9.7,8.4, 
14-dec-2003,0,0.000,0,9.5,0,6.8,4.6, 
15-dec-2003,0,0.100,0,10.2,0,2.9,-0.6, 
16-dec-2003,0,2.200,0,10.8,0,3.4,0.5, 
17-dec-2003,0,0.100,0,10.7,0,9.0,8.0, 
18-dec-2003,0,13.700,0,10.9,0,8.2,6.1, 
19-dec-2003,0,20.800,0,9.8,0,7.4,6.3, 
20-dec-2003,0,11.500,0,8.4,0,6.5,6.2, 
21-dec-2003,0,1.200,0,7.2,0,3.2,1.6, 
22-dec-2003,0,8.200,0,11.6,0,1.5,-0.8, 
23-dec-2003,0,1.900,0,11.7,0,3.2,2.8, 
24-dec-2003,0,11.100,0,12.6,2,9.1,5.8, 
25-dec-2003,0,17.800,0,10.3,0,8.9,8.2, 
26-dec-2003,0,28.800,0,6.9,0,6.0,5.7, 
27-dec-2003,0,1.700,0,7.6,0,1.6,-0.2, 
28-dec-2003,0,3.400,0,8.0,0,0.5,-2.6, 
29-dec-2003,0,6.900,0,6.7,0,0.3,-2.6, 
30-dec-2003,0,1.500,0,8.8,0,0.2,-6.4, 
31-dec-2003,0,36.700,0,12.2,0,1.4,-1.8, 
01-jan-2004,0,3.100,0,8.8,0,6.8,5.6, 
02-jan-2004,0,13.600,0,11.2,0,5.2,4.3, 
03-jan-2004,0,0.200,0,9.8,0,5.7,5.6, 
04-jan-2004,0,23.500,0,12.1,0,1.1,-2.6, 
05-jan-2004,0,3.100,0,12.2,0,7.4,7.0, 
06-jan-2004,0,11.100,0,12.3,0,7.6,5.3, 
07-jan-2004,0,36.800,0,12.1,0,7.8,6.6, 
08-jan-2004,0,9.900,0,9.9,0,5.8,3.1, 
09-jan-2004,0,7.400,0,11.2,0,5.4,2.9, 
10-jan-2004,0,7.000,0,12.8,0,6.8,4.8, 
11-jan-2004,0,7.800,0,9.2,1,-0.7,-4.1, 
12-jan-2004,0,22.500,0,9.0,0,3.8,2.4, 
13-jan-2004,0,12.500,0,8.4,0,5.1,4.2, 
14-jan-2004,0,16.800,0,7.4,0,0.6,0.1, 
15-jan-2004,0,11.900,0,10.2,0,4.0,1.6, 
16-jan-2004,0,1.300,0,7.8,0,3.5,1.2, 
17-jan-2004,4,0.000,0,8.8,1,-0.1,-3.9, 
18-jan-2004,0,2.900,0,11.0,0,0.1,-3.2, 
19-jan-2004,0,6.700,0,11.2,0,8.1,7.6, 
20-jan-2004,0,0.500,0,10.4,0,8.0,7.9, 
21-jan-2004,0,11.200,0,11.0,0,8.1,7.6, 
22-jan-2004,0,4.600,0,10.4,0,8.8,7.7, 
23-jan-2004,0,7.700,0,11.3,0,7.8,5.6, 
24-jan-2004,0,4.000,0,8.5,0,6.4,3.7, 
25-jan-2004,0,1.800,0,7.6,0,1.6,-0.7, 
26-jan-2004,0,0.000,0,6.0,1,-1.0,-4.7, 
27-jan-2004,0,0.800,0,7.5,1,-1.1,-4.3, 
28-jan-2004,0,2.900,0,8.1,0,1.8,1.2, 
29-jan-2004,0,6.700,0,7.6,1,-0.2,-4.1, 
30-jan-2004,0,34.400,0,11.0,0,1.7,-0.1, 
31-jan-2004,0,10.200,0,10.4,0,6.5,6.4, 
01-feb-2004,0,29.800,0,13.3,0,5.5,3.7, 
02-feb-2004,0,43.300,0,13.5,0,7.4,6.6, 
03-feb-2004,0,3.800,0,13.1,0,11.7,9.8, 
04-feb-2004,0,10.800,0,13.2,0,9.4,7.5, 
05-feb-2004,0,1.400,0,12.2,0,9.0,8.7, 
06-feb-2004,0,4.800,0,9.2,0,6.7,4.7, 
07-feb-2004,0,3.700,0,9.7,0,4.2,2.7, 
08-feb-2004,0,0.100,0,9.2,0,4.7,3.1, 
09-feb-2004,0,1.800,0,11.2,0,2.6,-0.4, 
10-feb-2004,4,0.000,0,11.2,0,6.3,6.4, 
11-feb-2004,0,0.000,0,13.3,0,5.0,2.3, 
12-feb-2004,0,4.900,0,10.2,0,4.6,2.6, 
13-feb-2004,0,0.000,0,11.8,0,2.2,-1.6, 
14-feb-2004,0,0.000,0,10.6,0,3.3,-0.1, 
15-feb-2004,0,0.100,0,9.8,0,5.6,1.9, 
16-feb-2004,0,1.900,0,9.8,0,7.6,6.5, 
17-feb-2004,0,0.000,0,10.7,0,4.6,2.5, 
18-feb-2004,0,0.000,0,9.8,0,0.0,-4.5, 
19-feb-2004,0,0.000,0,8.1,1,-0.2,-5.6, 
20-feb-2004,0,0.000,0,7.0,1,-0.2,-3.9, 
21-feb-2004,0,0.400,0,7.8,0,2.3,0.9, 
22-feb-2004,0,0.000,0,7.0,0,2.5,1.2, 
23-feb-2004,0,2.400,0,9.0,0,1.4,-1.0, 
24-feb-2004,0,8.300,0,9.5,0,4.4,3.1, 
25-feb-2004,0,3.800,0,7.0,0,2.7,0.5, 
26-feb-2004,0,12.100,0,4.7,0,1.5,-1.2, 
27-feb-2004,0,3.800,0,4.6,0,0.2,0.1, 
28-feb-2004,0,0.400,0,7.2,0,0.4,-1.1, 
29-feb-2004,0,0.000,0,8.7,1,-1.0,-4.2, 
01-mar-2004,0,0.000,0,8.7,0,1.6,-2.6, 
02-mar-2004,0,20.300,0,10.0,0,4.5,1.8, 
03-mar-2004,0,4.900,0,10.0,0,6.6,5.5, 
04-mar-2004,0,0.400,0,12.7,0,7.1,5.1, 
05-mar-2004,0,2.500,0,11.6,0,1.9,0.8, 
06-mar-2004,0,0.100,0,11.0,0,5.5,2.4, 
07-mar-2004,0,0.000,0,10.9,0,0.9,-2.1, 
08-mar-2004,0,0.000,0,11.5,0,2.5,-1.5, 
09-mar-2004,0,0.000,0,10.1,0,4.1,0.5, 
10-mar-2004,0,31.500,0,10.6,0,2.7,0.5, 
11-mar-2004,0,38.400,0,9.1,0,2.3,0.7, 
12-mar-2004,0,5.400,0,6.9,0,2.6,-2.2, 
13-mar-2004,0,20.500,2,10.7,2,4.5,1.2, 
14-mar-2004,0,14.100,0,12.6,0,5.4,6.4, 
15-mar-2004,0,47.400,0,12.6,0,7.2,8.1, 
16-mar-2004,0,29.400,0,13.1,0,9.7,6.5, 
17-mar-2004,0,13.400,0,12.1,0,7.3,5.8, 
18-mar-2004,0,17.800,0,12.7,0,6.4,4.1, 
19-mar-2004,0,10.900,0,11.7,0,5.0,5.3, 
20-mar-2004,0,9.000,0,13.2,0,6.2,3.3, 
21-mar-2004,0,10.700,0,10.7,0,4.6,2.0, 
22-mar-2004,0,4.300,0,10.2,0,3.1,1.4, 
23-mar-2004,0,3.100,0,8.8,0,4.1,2.5, 
24-mar-2004,0,1.900,2,10.2,0,4.7,2.0, 
25-mar-2004,0,0.000,2,10.8,0,7.0,2.0, 
26-mar-2004,0,1.200,0,12.2,0,4.9,3.5, 
27-mar-2004,0,2.500,0,12.0,0,7.2,6.4, 
28-mar-2004,0,0.200,0,12.5,0,7.5,1.6, 
29-mar-2004,0,0.000,0,12.5,0,4.9,4.3, 
30-mar-2004,0,0.000,0,12.9,0,7.3,5.0, 
31-mar-2004,0,0.000,0,13.6,0,6.7,7.7, 
01-apr-2004,0,13.200,0,14.6,0,8.9,7.7, 
02-apr-2004,0,12.400,0,15.4,0,7.1,4.5, 
03-apr-2004,0,6.700,0,14.2,0,5.8,5.6, 
04-apr-2004,0,11.000,0,10.9,0,6.2,4.6, 
05-apr-2004,0,3.100,0,10.2,0,6.3,4.9, 
06-apr-2004,0,5.300,0,11.1,0,6.0,3.8, 
07-apr-2004,0,2.000,0,11.2,0,5.6,3.7, 
08-apr-2004,0,2.000,0,10.7,0,4.4,1.8, 
09-apr-2004,0,3.500,0,11.2,0,8.4,8.3, 
10-apr-2004,0,0.000,0,14.4,0,8.4,8.0, 
11-apr-2004,0,2.200,0,13.8,0,6.1,4.3, 
12-apr-2004,0,3.400,0,12.7,0,6.2,4.6, 
13-apr-2004,0,4.600,0,13.3,0,6.7,3.8, 
14-apr-2004,0,24.100,0,11.9,0,10.2,6.4, 
15-apr-2004,0,4.000,0,11.2,0,3.4,0.0, 
16-apr-2004,0,10.900,0,10.6,0,0.6,-2.5, 
17-apr-2004,0,22.200,0,12.0,0,1.9,-1.5, 
18-apr-2004,0,2.800,0,12.0,0,1.4,-0.2, 
19-apr-2004,0,0.400,0,9.5,0,2.6,-1.2, 
20-apr-2004,0,41.900,0,12.1,0,6.0,3.7, 
21-apr-2004,0,3.400,0,12.2,0,8.4,7.3, 
22-apr-2004,0,4.200,0,12.5,0,4.9,3.0, 
23-apr-2004,0,0.500,0,13.4,0,9.8,9.4, 
24-apr-2004,0,2.200,0,12.9,0,6.7,4.2, 
25-apr-2004,0,1.200,0,12.3,0,9.4,9.4, 
26-apr-2004,0,0.700,0,15.6,0,9.1,7.6, 
27-apr-2004,0,1.600,0,13.7,0,7.9,6.0, 
28-apr-2004,0,3.800,0,13.4,0,8.1,6.0, 
29-apr-2004,0,8.500,0,13.9,0,7.1,6.0, 
30-apr-2004,0,0.100,0,11.4,0,6.6,6.6, 
01-may-2004,0,0.000,0,16.3,0,8.0,5.8, 
02-may-2004,0,1.200,0,14.6,0,6.0,4.2, 
03-may-2004,0,28.000,0,11.7,0,7.3,5.3, 
04-may-2004,0,8.100,0,10.0,0,6.2,4.7, 
05-may-2004,0,4.400,0,9.4,0,5.6,4.9, 
06-may-2004,0,2.600,0,10.1,0,5.3,4.1, 
07-may-2004,0,0.100,0,12.1,0,7.2,7.0, 
08-may-2004,0,0.000,0,14.3,0,6.0,5.1, 
09-may-2004,0,0.000,0,15.2,0,2.9,-0.7, 
10-may-2004,0,0.000,0,15.7,0,9.7,8.6, 
11-may-2004,0,0.000,0,16.4,0,9.4,9.1, 
12-may-2004,0,1.300,0,14.9,0,9.5,10.0, 
13-may-2004,0,0.000,0,14.5,0,9.8,10.7, 
14-may-2004,0,0.000,0,15.1,0,10.3,11.2, 
15-may-2004,0,0.000,0,15.4,0,11.4,11.1, 
16-may-2004,0,2.400,0,14.0,0,10.7,10.6, 
17-may-2004,0,0.000,0,15.2,0,9.1,7.5, 
18-may-2004,0,7.000,0,16.3,0,7.5,4.9, 
19-may-2004,0,0.100,0,14.8,0,10.6,11.2, 
20-may-2004,0,0.400,0,14.2,0,8.8,6.7, 
21-may-2004,0,0.000,0,14.3,0,6.7,4.0, 
22-may-2004,0,0.000,0,16.9,0,5.2,2.9, 
23-may-2004,0,0.000,0,16.8,0,5.9,3.2, 
24-may-2004,0,0.000,0,18.4,0,7.1,4.4, 
25-may-2004,0,0.000,0,20.1,0,5.5,2.3, 
26-may-2004,0,0.000,0,19.2,0,9.0,5.7, 
27-may-2004,0,10.100,0,19.8,0,8.6,5.1, 
28-may-2004,0,12.100,0,16.7,0,12.7,12.5, 
29-may-2004,0,3.800,0,17.3,0,11.3,11.2, 
30-may-2004,0,0.000,0,16.5,0,10.6,9.5, 
31-may-2004,0,2.600,0,14.6,0,7.0,4.2, 
01-jun-2004,0,0.000,0,14.6,0,11.6,10.2, 
02-jun-2004,0,3.000,0,17.3,0,8.6,6.2, 
03-jun-2004,0,2.800,0,18.1,0,13.7,12.6, 
04-jun-2004,0,4.300,0,16.7,0,12.5,12.4, 
05-jun-2004,0,0.200,0,16.3,0,13.6,13.7, 
06-jun-2004,0,0.000,0,17.5,0,12.8,13.0, 
07-jun-2004,0,0.000,2,21.0,0,12.0,11.5, 
08-jun-2004,0,6.800,0,21.3,0,13.6,12.0, 
09-jun-2004,0,9.900,0,18.6,0,13.3,13.2, 
10-jun-2004,0,9.400,0,18.3,0,13.1,11.9, 
11-jun-2004,0,2.300,0,16.6,0,10.8,9.4, 
12-jun-2004,0,0.000,2,18.7,0,11.0,9.5, 
13-jun-2004,0,0.000,0,19.1,0,14.6,14.4, 
14-jun-2004,0,0.000,0,20.4,0,14.0,12.9, 
15-jun-2004,0,0.000,0,18.4,0,13.1,12.7, 
16-jun-2004,0,4.000,0,17.2,0,11.8,11.0, 
17-jun-2004,0,5.100,0,19.0,0,12.0,12.0, 
18-jun-2004,0,1.500,0,16.5,0,10.0,10.0, 
19-jun-2004,0,4.100,0,15.2,0,9.2,9.2, 
20-jun-2004,0,2.000,0,14.3,0,7.8,7.8, 
21-jun-2004,0,0.800,0,14.9,0,8.3,8.3, 
22-jun-2004,0,75.900,0,17.1,0,9.8,9.8, 
23-jun-2004,0,13.600,0,12.9,0,10.9,10.9, 
24-jun-2004,0,0.000,2,15.9,0,8.6,8.6, 
25-jun-2004,0,23.800,2,18.2,0,6.0,6.0, 
26-jun-2004,0,2.200,0,18.3,0,12.1,12.1, 
27-jun-2004,0,3.200,0,18.2,0,12.0,12.0, 
28-jun-2004,0,8.700,0,16.4,0,11.5,11.5, 
29-jun-2004,0,17.200,0,16.9,0,12.6,12.6, 
30-jun-2004,1,5.000,0,16.1,0,11.5,11.5, 
01-jul-2004,0,5.800,0,15.7,0,10.1,9.1, 
02-jul-2004,0,8.900,0,15.5,0,11.5,9.2, 
03-jul-2004,0,4.800,0,15.4,0,11.7,11.0, 
04-jul-2004,0,1.000,0,16.7,0,10.6,10.4, 
05-jul-2004,0,0.400,0,15.7,0,6.7,4.1, 
06-jul-2004,0,5.400,0,18.0,0,7.9,5.7, 
07-jul-2004,0,5.800,0,19.5,0,12.1,11.0, 
08-jul-2004,0,0.000,0,18.3,0,11.9,11.1, 
09-jul-2004,0,5.500,0,15.6,0,6.5,3.6, 
10-jul-2004,0,5.400,0,15.7,0,11.2,11.0, 
11-jul-2004,0,0.000,0,16.3,0,10.1,8.5, 
12-jul-2004,0,0.000,0,17.8,0,10.0,7.2, 
13-jul-2004,0,19.800,0,15.9,0,11.0,10.2, 
14-jul-2004,0,1.000,0,16.7,0,14.0,13.6, 
15-jul-2004,0,0.800,0,17.6,0,12.1,12.5, 
16-jul-2004,0,4.100,0,17.6,0,11.1,9.1, 
17-jul-2004,0,0.300,0,16.6,0,10.6,9.1, 
18-jul-2004,0,11.500,0,17.1,0,11.4,9.8, 
19-jul-2004,0,14.000,0,18.5,0,11.0,8.4, 
20-jul-2004,0,9.500,0,16.4,0,12.0,7.9, 
21-jul-2004,0,1.900,0,16.7,0,12.0,10.5, 
22-jul-2004,0,6.200,0,16.7,0,11.1,8.1, 
23-jul-2004,0,0.400,0,16.2,0,12.0,10.2, 
24-jul-2004,0,2.600,0,16.5,0,11.4,10.6, 
25-jul-2004,0,3.500,0,15.4,0,13.3,12.5, 
26-jul-2004,0,0.400,0,16.9,0,13.2,13.4, 
27-jul-2004,0,0.000,0,16.8,0,13.0,11.1, 
28-jul-2004,0,12.500,0,19.6,0,9.7,7.4, 
29-jul-2004,0,0.100,0,16.4,0,14.3,13.5, 
30-jul-2004,0,0.300,0,18.5,0,10.5,7.7, 
31-jul-2004,0,1.600,0,21.1,0,12.2,9.9, 
01-aug-2004,0,0.600,0,20.3,0,14.5,11.9, 
02-aug-2004,0,11.700,0,21.6,0,15.5,11.9, 
03-aug-2004,0,0.000,0,16.7,0,12.9,13.4, 
04-aug-2004,0,0.000,0,21.0,0,11.0,10.5, 
05-aug-2004,0,4.700,0,17.8,0,14.5,11.4, 
06-aug-2004,0,0.000,0,17.3,0,13.1,13.1, 
07-aug-2004,0,10.400,0,19.9,0,11.1,9.8, 
08-aug-2004,0,0.600,0,20.9,0,15.1,15.2, 
09-aug-2004,0,0.000,0,21.3,0,14.5,12.4, 
10-aug-2004,0,14.300,0,22.3,0,10.1,7.1, 
11-aug-2004,0,14.500,0,20.8,0,13.4,12.2, 
12-aug-2004,0,6.200,0,17.9,0,15.4,14.0, 
13-aug-2004,0,0.200,0,21.5,0,12.4,9.9, 
14-aug-2004,0,2.000,0,22.3,0,15.4,15.9, 
15-aug-2004,0,2.400,0,18.5,0,15.4,14.6, 
16-aug-2004,0,8.000,0,18.7,0,12.2,11.1, 
17-aug-2004,0,0.000,0,18.1,0,12.2,10.1, 
18-aug-2004,0,5.400,0,21.0,0,10.1,8.7, 
19-aug-2004,0,15.200,0,15.8,0,14.5,14.1, 
20-aug-2004,0,0.100,0,16.9,0,11.5,9.9, 
21-aug-2004,0,2.000,0,16.5,0,7.6,7.6, 
22-aug-2004,0,34.200,0,18.3,0,12.1,11.2, 
23-aug-2004,0,4.500,0,19.8,0,13.6,13.2, 
24-aug-2004,0,1.900,0,18.6,0,13.8,12.6, 
25-aug-2004,0,0.300,0,17.8,0,13.0,12.4, 
26-aug-2004,0,19.600,0,16.7,0,13.6,12.1, 
27-aug-2004,0,2.300,0,17.2,0,12.4,12.1, 
28-aug-2004,0,7.700,0,15.1,0,11.4,11.5, 
29-aug-2004,0,6.300,0,16.2,0,12.1,9.9, 
30-aug-2004,0,0.000,0,17.4,0,11.9,10.6, 
31-aug-2004,0,0.000,0,18.4,0,7.0,6.7, 
01-sep-2004,0,9.000,0,18.9,0,11.7,12.1, 
02-sep-2004,0,15.700,2,17.8,0,7.6,4.4, 
03-sep-2004,0,11.500,0,17.8,0,12.0,11.7, 
04-sep-2004,0,3.000,0,17.1,0,14.4,14.0, 
05-sep-2004,0,1.200,0,17.2,0,14.2,14.9, 
06-sep-2004,0,0.000,2,21.9,0,14.5,14.2, 
07-sep-2004,0,0.000,0,21.6,0,15.4,14.2, 
08-sep-2004,0,0.000,0,23.2,0,12.6,11.6, 
09-sep-2004,0,0.800,0,22.3,0,13.0,11.5, 
10-sep-2004,0,18.600,2,19.0,0,14.3,12.7, 
11-sep-2004,0,19.400,0,18.8,0,12.3,12.1, 
12-sep-2004,0,41.300,0,14.9,0,11.2,10.0, 
13-sep-2004,0,32.500,0,15.9,0,8.9,8.4, 
14-sep-2004,0,0.400,0,13.8,0,9.6,9.0, 
15-sep-2004,0,23.400,2,15.9,0,6.4,6.3, 
16-sep-2004,0,19.800,0,15.8,2,9.1,8.9, 
17-sep-2004,0,35.300,0,16.1,0,12.7,10.6, 
18-sep-2004,0,7.000,0,16.1,0,10.4,8.9, 
19-sep-2004,0,19.800,0,14.9,0,10.4,9.2, 
20-sep-2004,0,5.800,0,14.6,0,10.8,8.8, 
21-sep-2004,0,30.200,2,15.5,0,11.1,7.2, 
22-sep-2004,0,10.000,0,15.8,0,12.1,9.0, 
23-sep-2004,0,0.000,0,16.7,0,12.2,12.4, 
24-sep-2004,0,12.200,0,16.0,0,7.3,7.3, 
25-sep-2004,0,1.100,0,14.8,0,9.9,7.7, 
26-sep-2004,0,34.100,0,16.9,0,12.6,12.4, 
27-sep-2004,0,11.200,0,15.2,0,13.3,13.5, 
28-sep-2004,0,1.700,0,16.7,0,11.8,9.7, 
29-sep-2004,0,16.100,0,14.9,0,12.0,12.6, 
30-sep-2004,1,6.000,0,15.8,0,11.1,10.9, 
01-oct-2004,0,21.000,0,13.6,0,11.4,10.3, 
02-oct-2004,0,3.400,0,14.2,0,8.8,7.9, 
03-oct-2004,0,11.400,0,12.3,0,8.8,5.4, 
04-oct-2004,0,28.700,0,13.4,0,7.7,6.6, 
05-oct-2004,0,9.500,0,13.2,0,9.6,8.0, 
06-oct-2004,0,10.500,0,11.7,0,7.8,7.5, 
07-oct-2004,0,5.200,0,13.4,0,7.1,5.1, 
08-oct-2004,0,0.000,0,15.2,0,9.2,8.1, 
09-oct-2004,0,0.000,0,14.6,0,5.2,3.9, 
10-oct-2004,0,0.000,0,12.2,0,6.1,5.0, 
11-oct-2004,0,0.000,0,13.3,0,8.1,8.0, 
12-oct-2004,0,0.900,0,13.4,0,3.8,2.8, 
13-oct-2004,0,26.000,0,11.2,0,6.1,5.9, 
14-oct-2004,0,7.000,0,11.5,0,7.1,7.1, 
15-oct-2004,0,4.400,0,11.8,0,6.5,5.0, 
16-oct-2004,0,9.200,0,14.6,0,5.0,4.4, 
17-oct-2004,0,1.600,0,12.3,0,9.2,8.2, 
18-oct-2004,0,21.500,0,12.6,0,7.9,6.9, 
19-oct-2004,0,2.800,0,8.2,0,3.6,4.0, 
20-oct-2004,0,6.600,0,7.5,0,0.8,1.2, 
21-oct-2004,0,8.900,0,9.6,0,1.0,0.9, 
22-oct-2004,0,0.000,0,10.6,0,4.4,3.9, 
23-oct-2004,0,15.800,0,12.6,0,5.3,5.3, 
24-oct-2004,0,17.900,0,12.1,0,8.1,6.4, 
25-oct-2004,0,1.000,0,12.1,0,8.4,7.1, 
26-oct-2004,0,14.300,0,11.9,0,4.4,3.5, 
27-oct-2004,0,53.600,0,13.1,0,9.1,7.8, 
28-oct-2004,0,1.400,0,14.4,0,9.0,8.4, 
29-oct-2004,0,0.400,0,14.4,0,10.4,8.1, 
30-oct-2004,0,0.000,0,13.4,0,11.6,9.7, 
31-oct-2004,0,0.000,0,10.9,0,3.4,3.0, 
01-nov-2004,0,0.000,0,11.7,0,6.1,6.9, 
02-nov-2004,0,0.000,0,11.7,0,9.3,7.0, 
03-nov-2004,0,10.400,0,11.8,0,7.1,6.4, 
04-nov-2004,0,0.000,0,12.6,0,8.4,6.3, 
05-nov-2004,0,1.300,0,12.8,0,10.2,7.5, 
06-nov-2004,0,0.800,0,12.7,0,10.9,9.5, 
07-nov-2004,0,4.600,0,13.5,0,9.5,9.0, 
08-nov-2004,0,4.300,0,12.8,0,10.8,10.5, 
09-nov-2004,0,3.600,0,11.4,0,9.2,6.9, 
10-nov-2004,0,4.700,0,12.0,0,8.6,6.7, 
11-nov-2004,0,3.600,0,13.6,0,9.7,8.1, 
12-nov-2004,0,0.000,0,10.8,0,10.5,9.1, 
13-nov-2004,0,0.000,0,9.7,0,5.3,4.4, 
14-nov-2004,0,1.900,0,11.1,0,5.2,4.4, 
15-nov-2004,0,13.500,2,12.5,0,8.6,7.5, 
16-nov-2004,0,67.500,0,12.8,0,10.8,9.6, 
17-nov-2004,0,21.000,0,13.6,0,11.8,10.9, 
18-nov-2004,0,9.800,0,6.8,0,5.6,5.9, 
19-nov-2004,0,23.500,0,6.3,0,3.4,2.1, 
20-nov-2004,0,18.800,0,12.8,0,2.7,1.0, 
21-nov-2004,0,7.300,0,13.2,0,4.4,4.1, 
22-nov-2004,0,2.800,0,13.2,0,11.8,10.1, 
23-nov-2004,0,0.200,0,12.6,0,9.9,9.2, 
24-nov-2004,0,1.600,0,13.0,0,11.0,9.2, 
25-nov-2004,0,1.900,0,11.9,0,10.8,9.0, 
26-nov-2004,0,2.000,0,10.5,0,6.0,6.1, 
27-nov-2004,0,12.100,0,11.3,0,4.5,3.9, 
28-nov-2004,0,0.000,0,9.9,0,7.0,5.5, 
29-nov-2004,0,10.200,0,9.6,0,3.8,2.4, 
30-nov-2004,0,0.000,0,9.2,0,4.9,4.1, 
01-dec-2004,0,0.000,0,6.4,0,0.4,-0.5, 
02-dec-2004,0,7.200,0,11.3,0,0.2,-0.3, 
03-dec-2004,0,10.800,0,11.6,0,3.2,2.2, 
04-dec-2004,0,3.300,0,12.0,0,10.1,8.4, 
05-dec-2004,0,14.800,0,12.2,0,4.6,3.4, 
06-dec-2004,0,11.600,0,10.4,0,9.5,7.9, 
07-dec-2004,0,12.200,0,11.5,0,1.6,1.6, 
08-dec-2004,0,12.200,0,11.4,0,2.4,2.3, 
09-dec-2004,0,24.800,0,11.4,0,9.1,6.9, 
10-dec-2004,0,2.400,0,11.2,0,7.4,6.4, 
11-dec-2004,0,0.200,0,11.2,0,2.5,1.6, 
12-dec-2004,0,0.500,0,10.9,0,9.6,7.5, 
13-dec-2004,0,21.300,0,12.8,0,8.9,7.4, 
14-dec-2004,0,14.200,0,13.7,0,9.6,8.4, 
15-dec-2004,0,14.100,0,10.7,0,4.6,4.1, 
16-dec-2004,0,26.200,0,10.3,0,4.5,3.3, 
17-dec-2004,0,6.700,0,9.1,0,5.7,4.0, 
18-dec-2004,0,24.300,0,6.3,0,5.6,3.4, 
19-dec-2004,0,8.100,0,9.7,0,2.6,1.6, 
20-dec-2004,0,1.400,0,9.8,0,1.0,0.4, 
21-dec-2004,0,37.000,0,13.3,0,5.9,3.9, 
22-dec-2004,0,7.800,0,13.4,0,7.2,4.6, 
23-dec-2004,0,15.100,0,10.7,0,9.9,8.4, 
24-dec-2004,0,20.000,0,7.7,0,6.5,4.1, 
25-dec-2004,0,1.600,0,6.8,0,0.8,-0.1, 
26-dec-2004,0,1.900,0,10.2,0,1.7,0.1, 
27-dec-2004,0,19.000,0,11.9,0,6.3,3.4, 
28-dec-2004,0,5.500,0,12.2,0,4.0,0.2, 
29-dec-2004,0,1.100,0,13.3,0,7.9,4.0, 
30-dec-2004,0,16.500,0,13.2,0,11.7,10.3, 
31-dec-2004,0,8.700,0,11.3,0,5.0,2.2, 
01-jan-2005,0,23.900,0,8.2,0,6.8,5.0, 
02-jan-2005,0,11.800,0,11.2,0,3.5,0.3, 
03-jan-2005,0,3.200,0,12.4,0,6.3,4.5, 
04-jan-2005,0,10.300,0,10.5,0,6.5,4.8, 
05-jan-2005,0,12.000,0,12.1,0,5.9,3.0, 
06-jan-2005,0,41.100,0,13.5,0,6.3,3.8, 
07-jan-2005,0,32.600,0,10.2,0,9.0,7.7, 
08-jan-2005,0,4.600,0,10.7,0,3.2,0.3, 
09-jan-2005,0,22.000,0,13.3,0,3.2,0.6, 
10-jan-2005,0,7.900,0,11.8,0,7.2,5.0, 
11-jan-2005,0,8.800,2,10.9,0,8.8,6.6, 
12-jan-2005,0,5.000,0,8.4,0,4.1,0.7, 
13-jan-2005,0,7.000,0,11.8,0,2.9,-1.1, 
14-jan-2005,0,58.400,0,13.2,0,2.8,2.0, 
15-jan-2005,0,8.100,0,11.3,0,8.3,8.3, 
16-jan-2005,0,7.900,0,10.7,0,6.4,5.0, 
17-jan-2005,0,14.200,0,8.3,0,6.0,3.9, 
18-jan-2005,0,24.700,0,12.2,0,1.4,-0.1, 
19-jan-2005,0,23.900,0,12.4,0,5.1,0.4, 
20-jan-2005,0,9.100,0,11.4,0,10.8,9.1, 
21-jan-2005,0,20.600,0,9.7,0,6.0,4.5, 
22-jan-2005,0,1.600,0,9.8,0,5.2,4.5, 
23-jan-2005,0,0.100,0,8.0,0,2.3,-1.0, 
24-jan-2005,0,3.000,0,8.8,0,2.8,0.0, 
25-jan-2005,0,3.300,0,10.3,0,6.2,4.1, 
26-jan-2005,0,0.500,0,9.7,0,8.3,5.8, 
27-jan-2005,0,0.400,0,9.1,0,6.9,5.0, 
28-jan-2005,0,0.000,0,9.9,0,6.6,4.9, 
29-jan-2005,0,0.600,0,10.2,0,7.0,5.5, 
30-jan-2005,0,1.500,0,8.7,0,6.9,5.9, 
31-jan-2005,0,0.000,0,10.7,0,7.2,5.5, 
01-feb-2005,0,0.100,0,9.1,0,6.6,5.6, 
02-feb-2005,0,0.000,0,11.6,0,6.6,5.4, 
03-feb-2005,0,7.500,0,9.7,0,6.2,3.4, 
04-feb-2005,0,23.800,0,9.8,0,7.6,6.5, 
05-feb-2005,0,4.500,0,5.8,0,1.2,-0.5, 
06-feb-2005,0,1.900,0,8.2,0,1.4,-0.3, 
07-feb-2005,0,12.400,0,7.2,0,1.5,-0.6, 
08-feb-2005,0,0.900,0,10.0,0,3.5,1.4, 
09-feb-2005,0,15.800,0,10.6,0,6.0,4.5, 
10-feb-2005,0,0.500,0,10.2,0,7.6,3.6, 
11-feb-2005,0,43.000,0,12.4,0,3.3,0.6, 
12-feb-2005,0,5.800,0,9.5,0,7.1,6.4, 
13-feb-2005,0,0.200,0,7.8,0,4.4,2.1, 
14-feb-2005,0,1.800,0,8.3,0,4.3,2.8, 
15-feb-2005,0,0.600,0,8.4,0,5.4,3.0, 
16-feb-2005,0,3.500,0,10.5,0,6.5,6.3, 
17-feb-2005,0,3.300,0,10.7,0,6.5,6.0, 
18-feb-2005,0,0.000,0,10.7,0,7.0,5.4, 
19-feb-2005,0,1.500,0,8.5,0,7.1,4.6, 
20-feb-2005,0,9.700,0,8.4,0,5.6,4.4, 
21-feb-2005,0,4.500,0,9.4,0,4.0,3.8, 
22-feb-2005,0,0.200,0,6.7,0,2.0,0.2, 
23-feb-2005,0,0.000,0,5.9,1,-1.6,-3.6, 
24-feb-2005,0,0.000,0,4.9,0,0.4,-1.1, 
25-feb-2005,0,0.000,0,8.2,0,1.7,0.7, 
26-feb-2005,0,0.000,0,9.2,0,0.5,-2.1, 
27-feb-2005,0,0.000,0,8.3,0,3.9,1.4, 
28-feb-2005,0,4.900,0,9.2,0,0.8,-0.4, 
01-mar-2005,0,8.100,0,9.2,0,3.3,1.0, 
02-mar-2005,0,2.000,0,7.2,0,3.1,1.5, 
03-mar-2005,0,3.500,2,9.4,0,3.4,1.2, 
04-mar-2005,0,3.000,0,9.1,0,5.5,4.1, 
05-mar-2005,0,0.000,0,10.2,0,6.7,5.5, 
06-mar-2005,0,0.300,0,10.1,0,0.0,-1.8, 
07-mar-2005,0,0.800,0,10.2,0,0.1,-2.3, 
08-mar-2005,0,0.000,0,9.8,0,3.6,2.1, 
09-mar-2005,0,0.500,0,9.7,0,4.1,3.0, 
10-mar-2005,0,1.300,0,10.3,0,3.4,2.5, 
11-mar-2005,0,2.200,0,9.4,0,6.3,4.9, 
12-mar-2005,0,0.000,0,9.3,0,4.7,3.0, 
13-mar-2005,0,3.600,0,7.9,0,0.1,-1.8, 
14-mar-2005,0,27.000,2,11.7,0,1.8,-1.0, 
15-mar-2005,0,16.600,0,12.9,0,6.6,5.3, 
16-mar-2005,0,3.900,0,13.0,0,11.7,10.5, 
17-mar-2005,0,4.000,0,13.7,0,12.0,10.5, 
18-mar-2005,0,0.200,0,13.8,0,10.8,10.0, 
19-mar-2005,0,0.000,0,15.2,0,9.0,6.0, 
20-mar-2005,0,5.700,0,20.0,0,13.0,10.8, 
21-mar-2005,0,8.200,0,16.0,0,10.3,8.5, 
22-mar-2005,0,9.900,0,12.9,0,10.7,10.0, 
23-mar-2005,0,1.600,0,13.5,0,9.5,8.4, 
24-mar-2005,0,6.700,0,14.3,0,10.5,8.4, 
25-mar-2005,4,0.000,0,13.8,0,9.1,6.1, 
26-mar-2005,0,0.000,0,17.3,0,8.2,6.5, 
27-mar-2005,0,0.000,0,15.2,0,8.5,6.6, 
28-mar-2005,0,8.100,0,11.9,0,8.1,6.5, 
29-mar-2005,0,8.000,0,13.0,0,6.9,5.0, 
30-mar-2005,0,0.000,0,12.8,0,5.7,3.5, 
31-mar-2005,0,15.700,0,13.4,0,7.1,4.4, 
01-apr-2005,0,0.000,0,13.7,0,9.6,7.9, 
02-apr-2005,0,2.700,0,16.6,0,8.8,5.9, 
03-apr-2005,0,1.500,0,11.7,0,6.7,5.5, 
04-apr-2005,0,9.300,0,9.8,0,5.2,2.4, 
05-apr-2005,0,17.500,0,9.9,0,4.5,0.2, 
06-apr-2005,0,17.300,0,8.8,0,6.6,4.5, 
07-apr-2005,0,2.500,0,9.6,0,4.6,3.1, 
08-apr-2005,0,0.400,0,8.8,0,2.2,0.4, 
09-apr-2005,0,6.700,0,10.7,0,2.1,-0.6, 
10-apr-2005,0,0.500,0,13.5,0,7.4,5.9, 
11-apr-2005,0,5.700,0,13.1,0,10.0,8.0, 
12-apr-2005,0,8.400,0,11.1,0,8.2,5.3, 
13-apr-2005,0,16.700,0,8.9,0,6.1,4.5, 
14-apr-2005,0,1.500,0,10.5,0,4.3,2.4, 
15-apr-2005,0,0.500,0,10.5,0,6.5,4.0, 
16-apr-2005,0,28.300,0,11.5,2,1.9,0.1, 
17-apr-2005,0,3.400,0,11.7,0,6.0,4.0, 
18-apr-2005,0,0.000,0,11.6,0,4.4,1.5, 
19-apr-2005,0,0.800,0,13.5,0,1.0,-2.0, 
20-apr-2005,0,0.000,0,13.8,0,4.0,1.1, 
21-apr-2005,0,0.000,0,15.4,0,3.5,0.1, 
22-apr-2005,0,0.800,0,14.4,0,8.0,5.6, 
23-apr-2005,0,0.000,0,15.6,0,9.0,7.4, 
24-apr-2005,0,3.700,0,16.1,0,9.6,7.4, 
25-apr-2005,0,7.500,0,16.4,0,9.3,8.1, 
26-apr-2005,0,16.000,0,13.3,0,9.4,8.2, 
27-apr-2005,0,26.100,0,12.7,0,5.6,4.5, 
28-apr-2005,0,0.000,0,13.3,0,8.3,7.6, 
29-apr-2005,0,1.600,0,15.1,0,9.4,7.1, 
30-apr-2005,0,2.800,0,15.0,0,7.4,5.5, 
01-may-2005,0,30.500,0,13.9,0,10.4,8.9, 
02-may-2005,0,7.800,0,15.8,0,10.5,9.5, 
03-may-2005,0,1.400,0,13.7,0,9.3,8.5, 
04-may-2005,0,0.000,0,12.7,0,7.8,5.3, 
05-may-2005,0,4.100,0,14.2,0,10.4,8.4, 
06-may-2005,0,12.600,0,12.4,0,8.8,7.0, 
07-may-2005,0,2.100,0,12.2,0,8.4,6.9, 
08-may-2005,0,0.800,0,13.1,0,7.3,5.4, 
09-may-2005,0,0.000,0,12.7,0,5.9,4.1, 
10-may-2005,0,0.000,0,13.1,0,4.7,3.1, 
11-may-2005,0,0.000,0,14.3,0,5.9,3.9, 
12-may-2005,0,0.000,0,15.1,0,4.9,3.6, 
13-may-2005,0,0.000,0,14.6,0,7.2,5.2, 
14-may-2005,0,0.000,0,15.9,0,7.3,5.6, 
15-may-2005,0,0.500,0,17.3,0,9.4,6.6, 
16-may-2005,0,0.000,2,13.6,0,9.6,8.3, 
17-may-2005,0,0.000,0,13.5,2,2.4,2.4, 
18-may-2005,0,7.800,0,13.6,0,5.2,2.7, 
19-may-2005,0,19.400,0,12.1,0,9.3,8.5, 
20-may-2005,0,7.100,0,13.8,0,9.2,8.3, 
21-may-2005,0,5.700,0,14.3,0,6.8,4.5, 
22-may-2005,0,15.100,0,14.6,0,6.7,2.6, 
23-may-2005,0,2.100,0,12.4,0,6.4,4.5, 
24-may-2005,0,34.900,0,13.4,0,8.6,6.5, 
25-may-2005,0,44.100,0,14.7,0,10.4,9.0, 
26-may-2005,0,10.700,0,13.9,0,10.6,7.6, 
27-may-2005,0,19.300,0,14.2,0,9.6,8.0, 
28-may-2005,0,1.400,0,11.2,0,9.4,8.2, 
29-may-2005,0,0.000,0,11.7,0,6.7,3.4, 
30-may-2005,0,0.000,0,15.4,0,9.1,5.8, 
31-may-2005,0,23.000,0,15.7,0,6.6,2.6, 
01-jun-2005,0,22.900,0,16.4,0,13.2,12.2, 
02-jun-2005,0,27.000,0,15.4,0,12.5,10.6, 
03-jun-2005,0,2.200,0,13.5,0,11.4,10.2, 
04-jun-2005,0,0.500,0,14.2,0,10.2,9.9, 
05-jun-2005,0,0.000,2,16.8,0,10.5,7.6, 
06-jun-2005,0,0.000,0,16.9,0,10.8,6.1, 
07-jun-2005,0,1.200,0,19.7,0,14.2,12.4, 
08-jun-2005,0,0.000,0,17.7,0,13.2,12.2, 
09-jun-2005,0,0.000,0,18.8,0,13.0,10.9, 
10-jun-2005,0,0.000,2,18.6,0,10.4,7.2, 
11-jun-2005,0,0.000,0,19.0,0,8.9,4.9, 
12-jun-2005,0,0.000,2,14.7,0,7.9,3.5, 
13-jun-2005,0,0.000,0,16.1,0,8.8,4.4, 
14-jun-2005,0,1.000,0,14.4,0,10.7,9.0, 
15-jun-2005,0,7.000,0,16.7,0,9.9,6.5, 
16-jun-2005,0,6.800,0,15.9,0,12.0,10.5, 
17-jun-2005,0,1.500,0,17.5,0,13.1,12.4, 
18-jun-2005,0,4.300,0,17.7,2,14.8,13.3, 
19-jun-2005,0,1.200,0,19.8,0,12.3,9.4, 
20-jun-2005,0,11.000,0,18.2,0,13.2,10.2, 
21-jun-2005,0,18.500,0,16.8,0,12.9,11.9, 
22-jun-2005,0,9.600,0,16.0,0,13.8,12.2, 
23-jun-2005,0,0.000,0,17.7,0,13.0,9.9, 
24-jun-2005,0,0.000,0,16.4,0,11.4,7.0, 
25-jun-2005,0,0.000,0,17.2,0,11.6,9.8, 
26-jun-2005,0,0.000,0,19.3,0,10.5,5.8, 
27-jun-2005,0,0.000,0,18.9,0,9.2,5.5, 
28-jun-2005,0,5.200,0,23.8,0,12.8,8.5, 
29-jun-2005,0,4.600,0,18.7,0,15.1,13.9, 
30-jun-2005,0,2.800,0,17.9,0,13.0,9.4, 
01-jul-2005,0,2.900,0,16.6,0,11.6,8.3, 
02-jul-2005,0,15.000,0,17.6,0,14.6,13.3, 
03-jul-2005,0,4.300,0,16.8,0,11.3,8.8, 
04-jul-2005,0,17.900,0,15.1,0,9.6,6.5, 
05-jul-2005,0,2.000,0,16.3,0,13.1,11.5, 
06-jul-2005,0,2.800,0,16.2,0,11.8,9.3, 
07-jul-2005,0,3.200,2,15.8,0,11.8,10.5, 
08-jul-2005,0,0.000,2,18.0,0,13.4,13.1, 
09-jul-2005,0,0.000,2,20.2,0,15.0,13.9, 
10-jul-2005,0,0.000,0,22.2,0,12.4,11.8, 
11-jul-2005,0,0.000,0,24.8,0,14.5,10.8, 
12-jul-2005,0,0.000,0,26.9,0,13.3,8.6, 
13-jul-2005,0,0.000,0,24.6,0,12.6,9.4, 
14-jul-2005,0,7.600,2,16.9,0,14.6,12.4, 
15-jul-2005,0,0.000,0,18.1,0,12.4,9.9, 
16-jul-2005,0,0.000,0,18.3,0,11.1,7.4, 
17-jul-2005,0,10.000,0,19.7,0,14.4,12.3, 
18-jul-2005,0,1.200,0,19.6,0,12.7,11.6, 
19-jul-2005,0,8.800,0,16.9,0,12.8,9.6, 
20-jul-2005,0,0.000,2,17.1,0,13.2,11.2, 
21-jul-2005,0,10.000,0,18.4,0,14.6,13.4, 
22-jul-2005,0,11.600,0,22.0,0,14.5,12.1, 
23-jul-2005,0,12.700,0,20.1,0,14.7,13.3, 
24-jul-2005,0,0.000,2,21.2,0,14.9,12.7, 
25-jul-2005,0,0.000,2,17.4,0,13.4,11.4, 
26-jul-2005,0,0.000,0,16.7,0,9.8,6.3, 
27-jul-2005,0,2.600,0,16.7,0,9.2,5.2, 
28-jul-2005,0,0.000,0,19.7,0,12.4,8.8, 
29-jul-2005,0,0.700,0,16.2,0,12.3,9.9, 
30-jul-2005,0,1.200,0,14.6,0,12.2,12.0, 
31-jul-2005,0,0.000,0,16.4,0,11.2,10.0, 
01-aug-2005,0,9.100,0,19.2,0,6.7,2.4, 
02-aug-2005,0,0.300,0,18.4,0,13.1,9.2, 
03-aug-2005,0,6.500,0,17.2,0,13.8,10.1, 
04-aug-2005,0,7.500,0,15.3,0,13.2,11.6, 
05-aug-2005,0,4.500,0,17.4,0,12.4,10.1, 
06-aug-2005,0,0.400,0,16.9,0,12.7,11.0, 
07-aug-2005,0,0.000,0,18.8,0,13.5,12.5, 
08-aug-2005,0,0.000,0,21.1,0,10.8,7.6, 
09-aug-2005,0,0.000,0,20.2,0,15.6,13.6, 
10-aug-2005,0,0.500,0,20.1,0,12.0,7.5, 
11-aug-2005,0,0.000,0,18.8,0,14.1,12.2, 
12-aug-2005,0,21.100,0,18.3,0,13.4,11.4, 
13-aug-2005,0,0.100,0,17.5,0,14.6,10.6, 
14-aug-2005,0,2.600,0,17.4,0,14.0,11.2, 
15-aug-2005,0,0.000,0,20.2,0,12.7,9.4, 
16-aug-2005,0,19.300,0,21.4,0,16.1,13.1, 
17-aug-2005,0,22.300,0,16.7,0,15.5,12.6, 
18-aug-2005,0,6.200,0,18.2,0,13.6,11.4, 
19-aug-2005,0,0.100,0,17.2,0,13.3,10.4, 
20-aug-2005,0,16.100,0,20.8,0,12.5,10.0, 
21-aug-2005,0,4.100,0,18.6,0,16.2,15.2, 
22-aug-2005,0,2.200,0,17.7,0,12.0,10.0, 
23-aug-2005,0,28.900,0,17.7,0,13.2,10.7, 
24-aug-2005,0,8.600,0,16.2,0,12.7,8.6, 
25-aug-2005,0,2.200,0,15.9,0,10.5,7.2, 
26-aug-2005,0,0.800,0,16.9,0,10.5,7.4, 
27-aug-2005,0,8.300,0,18.0,0,12.7,10.0, 
28-aug-2005,0,8.400,0,19.3,0,13.6,9.9, 
29-aug-2005,0,0.000,0,18.0,0,12.4,9.0, 
30-aug-2005,0,0.600,0,18.1,0,9.2,4.2, 
31-aug-2005,0,3.200,0,18.2,0,12.9,12.0, 
01-sep-2005,0,18.000,0,18.2,0,9.5,6.4, 
02-sep-2005,0,0.000,0,17.2,0,10.9,8.3, 
03-sep-2005,0,0.000,0,19.3,0,14.2,10.0, 
04-sep-2005,0,0.000,0,22.5,0,13.1,12.1, 
05-sep-2005,0,0.000,0,22.7,0,10.8,7.2, 
06-sep-2005,0,3.300,0,22.1,0,10.5,7.4, 
07-sep-2005,0,8.500,0,19.7,0,14.1,12.0, 
08-sep-2005,0,4.000,0,17.9,0,13.1,10.6, 
09-sep-2005,0,5.900,0,17.5,0,12.9,10.3, 
10-sep-2005,0,2.000,0,16.5,0,13.1,10.1, 
11-sep-2005,0,0.000,0,17.9,0,8.4,5.9, 
12-sep-2005,0,5.200,0,18.3,0,10.5,6.6, 
13-sep-2005,0,13.000,0,17.8,0,14.7,12.2, 
14-sep-2005,0,9.500,0,19.4,0,13.9,11.6, 
15-sep-2005,0,1.800,0,19.3,0,13.2,9.9, 
16-sep-2005,0,0.000,0,15.0,0,10.7,7.5, 
17-sep-2005,0,0.000,0,16.0,0,5.2,2.2, 
18-sep-2005,0,31.600,0,17.3,0,12.5,9.9, 
19-sep-2005,0,4.500,0,15.9,0,13.7,10.9, 
20-sep-2005,0,1.100,0,16.7,0,11.9,9.0, 
21-sep-2005,0,47.400,0,17.0,0,13.3,9.6, 
22-sep-2005,0,10.500,0,17.3,0,15.2,12.7, 
23-sep-2005,0,0.300,2,14.5,0,11.7,8.8, 
24-sep-2005,0,26.700,0,14.2,0,5.4,1.2, 
25-sep-2005,0,14.500,0,15.9,0,12.0,8.4, 
26-sep-2005,0,12.600,0,16.9,0,10.8,7.1, 
27-sep-2005,0,13.400,0,16.7,0,10.5,7.0, 
28-sep-2005,0,7.800,0,13.7,0,9.0,5.6, 
29-sep-2005,0,12.400,0,14.5,0,9.9,5.7, 
30-sep-2005,1,3.000,0,17.1,0,12.5,9.1, 
01-oct-2005,0,3.200,0,13.7,0,9.8,6.1, 
02-oct-2005,0,0.100,0,14.7,0,10.4,6.7, 
03-oct-2005,0,1.400,0,14.7,0,11.7,9.8, 
04-oct-2005,0,0.000,0,14.2,0,11.5,10.0, 
05-oct-2005,0,0.000,0,15.5,0,12.6,10.0, 
06-oct-2005,0,0.000,0,15.3,0,12.5,10.2, 
07-oct-2005,0,15.000,0,16.2,0,13.2,10.5, 
08-oct-2005,0,7.200,0,12.8,0,6.5,4.6, 
09-oct-2005,0,25.200,0,14.3,0,8.7,5.9, 
10-oct-2005,0,6.300,0,10.6,0,9.6,8.8, 
11-oct-2005,0,0.300,0,11.2,0,4.7,1.2, 
12-oct-2005,0,0.200,0,13.5,0,5.5,3.9, 
13-oct-2005,0,0.000,0,14.2,0,2.8,-0.4, 
14-oct-2005,0,0.000,0,16.1,0,6.6,2.6, 
15-oct-2005,0,0.000,0,18.7,0,7.9,6.4, 
16-oct-2005,0,1.300,0,17.0,0,15.1,12.6, 
17-oct-2005,0,25.500,0,16.6,0,13.6,11.4, 
18-oct-2005,0,6.500,0,14.9,0,13.3,11.1, 
19-oct-2005,0,2.500,0,12.8,0,8.5,5.5, 
20-oct-2005,0,27.800,0,14.0,0,9.6,7.5, 
21-oct-2005,0,2.000,0,11.9,0,10.0,7.5, 
22-oct-2005,0,0.000,0,13.8,0,8.4,6.8, 
23-oct-2005,0,35.000,0,14.8,0,6.1,2.0, 
24-oct-2005,0,2.400,0,15.4,0,7.9,6.4, 
25-oct-2005,0,5.100,0,14.9,0,9.6,8.5, 
26-oct-2005,0,4.200,0,18.2,0,10.2,9.1, 
27-oct-2005,0,28.700,0,18.1,0,14.8,12.9, 
28-oct-2005,0,5.800,0,14.0,0,12.1,10.3, 
29-oct-2005,0,21.900,0,16.4,0,10.7,7.7, 
30-oct-2005,0,7.400,0,14.6,0,13.0,11.0, 
31-oct-2005,0,11.800,0,11.8,0,9.9,7.4, 
01-nov-2005,0,21.900,0,13.8,0,8.2,5.2, 
02-nov-2005,0,25.100,0,14.8,2,8.4,5.9, 
03-nov-2005,0,15.900,0,13.4,0,12.5,10.2, 
04-nov-2005,0,16.100,0,12.4,0,7.1,4.4, 
05-nov-2005,0,18.300,0,13.6,0,7.2,4.1, 
06-nov-2005,0,7.400,0,12.3,0,9.7,7.7, 
07-nov-2005,0,20.300,0,12.5,0,6.3,3.1, 
08-nov-2005,0,2.600,0,12.2,0,6.6,1.2, 
09-nov-2005,0,23.900,0,14.5,0,6.4,1.9, 
10-nov-2005,0,11.700,0,14.9,0,9.7,8.4, 
11-nov-2005,0,18.200,2,11.0,0,10.7,9.0, 
12-nov-2005,0,3.300,0,10.0,0,6.6,3.8, 
13-nov-2005,0,1.000,0,11.1,0,5.6,1.6, 
14-nov-2005,0,19.100,0,13.4,0,5.9,2.4, 
15-nov-2005,0,0.000,0,10.5,0,9.0,5.9, 
16-nov-2005,0,0.000,0,8.9,0,7.6,5.6, 
17-nov-2005,0,0.000,0,11.0,0,5.2,2.4, 
18-nov-2005,0,0.000,0,12.9,0,6.1,2.5, 
19-nov-2005,0,0.000,0,10.4,0,6.1,2.4, 
20-nov-2005,0,0.000,0,10.7,0,3.5,-0.5, 
21-nov-2005,0,0.000,0,10.7,0,3.5,-1.1, 
22-nov-2005,0,0.000,0,9.9,0,2.1,-1.5, 
23-nov-2005,0,0.900,0,12.4,1,-0.4,-4.3, 
24-nov-2005,0,3.900,0,10.5,0,3.1,2.8, 
25-nov-2005,0,9.900,0,6.8,0,2.4,0.6, 
26-nov-2005,0,3.100,0,7.5,0,4.1,1.9, 
27-nov-2005,0,7.000,0,7.3,0,4.5,1.2, 
28-nov-2005,0,14.100,0,10.6,0,4.6,2.5, 
29-nov-2005,0,13.100,0,11.2,0,4.2,1.1, 
30-nov-2005,0,25.700,0,10.3,0,7.0,3.8, 
01-dec-2005,0,29.100,0,7.5,0,3.8,-0.2, 
02-dec-2005,0,22.300,0,8.4,0,3.9,0.4, 
03-dec-2005,0,23.100,0,9.1,0,6.8,4.0, 
04-dec-2005,0,4.000,0,8.1,0,6.8,3.5, 
05-dec-2005,0,6.600,0,8.7,0,4.6,2.0, 
06-dec-2005,0,8.100,0,9.8,0,4.6,1.7, 
07-dec-2005,0,9.400,0,9.9,0,4.6,-0.5, 
08-dec-2005,0,15.100,0,11.9,0,4.5,1.0, 
09-dec-2005,0,13.600,0,12.5,0,5.6,4.5, 
10-dec-2005,0,1.400,0,12.0,0,11.0,10.0, 
11-dec-2005,0,4.200,0,11.7,0,9.5,5.9, 
12-dec-2005,0,0.000,0,7.4,0,3.0,-1.0, 
13-dec-2005,0,2.600,0,11.1,0,0.0,-4.6, 
14-dec-2005,0,0.400,0,11.6,0,4.0,3.5, 
15-dec-2005,0,8.100,0,12.5,0,9.2,7.0, 
16-dec-2005,0,3.400,0,11.3,0,10.8,8.4, 
17-dec-2005,0,1.100,0,9.8,0,8.2,7.0, 
18-dec-2005,0,7.300,0,10.5,0,7.5,6.0, 
19-dec-2005,0,2.200,0,10.8,0,5.5,1.9, 
20-dec-2005,0,9.100,0,11.4,0,7.5,5.0, 
21-dec-2005,0,0.700,0,11.5,0,5.5,2.0, 
22-dec-2005,0,5.900,0,11.1,0,5.7,3.0, 
23-dec-2005,0,20.600,0,11.3,0,10.5,9.2, 
24-dec-2005,0,0.200,0,10.2,0,7.9,3.8, 
25-dec-2005,0,0.000,0,9.0,0,4.1,-0.4, 
26-dec-2005,0,0.000,0,5.7,0,2.0,-1.5, 
27-dec-2005,0,0.700,0,5.6,0,2.5,-1.5, 
28-dec-2005,0,13.500,0,6.5,0,1.7,-2.5, 
29-dec-2005,0,15.300,0,12.1,0,3.2,1.4, 
30-dec-2005,0,26.700,0,10.4,0,6.2,5.2, 
31-dec-2005,0,20.200,0,9.8,0,7.0,4.9, 
01-jan-2006,0,1.000,0,11.1,0,7.2,5.1, 
02-jan-2006,0,11.400,0,12.1,0,6.7,1.9, 
03-jan-2006,0,1.100,0,10.2,0,5.0,0.5, 
04-jan-2006,0,1.900,0,10.8,0,4.6,0.6, 
05-jan-2006,0,25.600,0,6.9,0,6.2,5.0, 
06-jan-2006,0,0.600,0,6.5,0,2.7,2.1, 
07-jan-2006,0,0.100,0,6.1,0,2.1,-1.7, 
08-jan-2006,0,0.800,0,8.6,0,3.5,1.4, 
09-jan-2006,0,23.600,0,12.5,0,0.6,-2.9, 
10-jan-2006,0,18.500,0,12.8,0,8.6,5.9, 
11-jan-2006,0,9.300,0,11.9,0,6.0,2.1, 
12-jan-2006,0,36.000,0,11.9,0,7.1,3.4, 
13-jan-2006,0,16.000,0,10.3,0,9.0,7.6, 
14-jan-2006,0,12.700,0,10.0,0,1.9,-1.7, 
15-jan-2006,0,2.700,0,10.5,0,5.3,3.1, 
16-jan-2006,0,8.800,0,9.9,0,6.0,2.7, 
17-jan-2006,0,5.200,0,12.9,0,7.5,6.1, 
18-jan-2006,0,14.500,0,12.4,0,8.7,6.6, 
19-jan-2006,0,16.600,0,11.7,0,11.2,10.0, 
20-jan-2006,0,0.800,0,9.5,0,6.1,3.6, 
21-jan-2006,0,1.100,0,10.0,0,5.5,2.0, 
22-jan-2006,4,0.000,0,9.3,0,7.0,5.0, 
23-jan-2006,4,0.000,0,9.6,0,8.2,6.4, 
24-jan-2006,0,0.000,0,8.5,0,6.5,4.6, 
25-jan-2006,0,0.000,0,7.1,0,4.7,1.2, 
26-jan-2006,0,0.000,0,5.9,0,4.9,1.5, 
27-jan-2006,0,0.000,0,6.0,1,-0.4,-4.9, 
28-jan-2006,0,0.000,0,7.4,1,-0.8,-5.0, 
29-jan-2006,0,0.000,0,11.8,0,1.3,-2.9, 
30-jan-2006,0,0.000,0,6.8,1,-1.2,-6.6, 
31-jan-2006,0,0.000,0,7.5,1,-1.2,-6.2, 
01-feb-2006,0,0.000,0,9.5,0,2.2,1.3, 
02-feb-2006,0,0.000,0,10.2,0,6.3,5.6, 
03-feb-2006,0,0.000,0,11.4,0,6.6,5.1, 
04-feb-2006,0,0.000,0,9.5,0,6.9,5.3, 
05-feb-2006,0,0.000,0,9.1,0,6.1,5.4, 
06-feb-2006,0,0.000,0,10.1,0,6.6,5.8, 
07-feb-2006,0,7.800,0,11.1,2,8.5,7.8, 
08-feb-2006,0,1.000,0,11.0,0,6.0,3.8, 
09-feb-2006,0,0.000,0,8.0,0,3.5,0.8, 
10-feb-2006,0,4.200,2,10.3,0,1.0,-2.9, 
11-feb-2006,0,18.900,0,10.3,0,4.6,3.6, 
12-feb-2006,0,14.700,0,11.6,0,7.5,7.3, 
13-feb-2006,0,19.800,0,11.4,0,10.2,9.1, 
14-feb-2006,0,18.700,0,11.5,0,6.6,5.3, 
15-feb-2006,0,4.800,0,11.6,0,6.6,4.2, 
16-feb-2006,0,6.700,0,9.8,0,5.2,2.0, 
17-feb-2006,0,6.300,0,8.8,0,3.0,-1.4, 
18-feb-2006,0,0.000,0,7.4,0,0.4,-2.1, 
19-feb-2006,0,0.000,0,10.1,1,-0.2,-4.2, 
20-feb-2006,0,0.000,0,9.2,2,0.7,-1.8, 
21-feb-2006,0,0.200,0,9.6,0,4.7,0.5, 
22-feb-2006,0,0.400,0,9.9,0,2.7,0.3, 
23-feb-2006,0,1.000,2,8.0,0,2.9,1.1, 
24-feb-2006,0,0.100,0,8.3,0,3.8,2.6, 
25-feb-2006,0,0.000,0,9.2,0,3.3,1.6, 
26-feb-2006,0,0.000,0,7.6,0,3.5,2.6, 
27-feb-2006,0,4.000,0,8.1,0,0.2,-4.0, 
28-feb-2006,0,1.400,0,9.0,0,3.2,0.9, 
01-mar-2006,0,1.900,0,7.7,0,1.0,-1.3, 
02-mar-2006,0,0.000,0,6.1,1,-3.5,-8.2, 
03-mar-2006,0,2.000,0,6.2,1,-4.5,-9.6, 
04-mar-2006,0,4.400,0,6.9,1,-2.9,-7.8, 
05-mar-2006,0,2.800,0,7.7,0,1.8,-0.6, 
06-mar-2006,0,17.600,0,9.1,0,1.9,-1.5, 
07-mar-2006,0,26.000,0,9.6,0,4.5,4.5, 
08-mar-2006,0,5.100,0,12.0,0,8.8,8.2, 
09-mar-2006,0,19.200,0,10.4,0,4.2,1.2, 
10-mar-2006,0,2.000,0,9.6,0,3.6,0.7, 
11-mar-2006,0,18.300,0,11.7,0,3.7,0.0, 
12-mar-2006,0,19.400,0,11.8,0,5.6,4.9, 
13-mar-2006,0,17.800,0,12.2,0,9.4,8.2, 
14-mar-2006,0,0.000,0,11.4,0,8.5,6.3, 
15-mar-2006,0,0.200,0,10.6,0,3.2,-1.3, 
16-mar-2006,0,0.000,0,9.7,0,3.8,3.2, 
17-mar-2006,0,0.000,0,6.2,0,2.3,0.6, 
18-mar-2006,0,0.000,0,5.4,0,3.1,2.0, 
19-mar-2006,0,0.000,0,9.5,0,3.6,0.9, 
20-mar-2006,0,0.000,0,8.3,0,4.2,2.9, 
21-mar-2006,0,0.000,0,7.4,0,3.6,2.7, 
22-mar-2006,0,0.000,0,6.9,1,-2.5,-7.5, 
23-mar-2006,0,0.400,0,7.8,0,3.2,0.4, 
24-mar-2006,0,4.200,0,10.7,0,5.1,3.8, 
25-mar-2006,0,19.000,0,12.0,0,5.4,2.9, 
26-mar-2006,0,25.900,0,12.4,0,10.0,9.3, 
27-mar-2006,0,10.000,0,13.3,2,10.2,9.6, 
28-mar-2006,0,0.200,0,11.6,0,6.7,5.8, 
29-mar-2006,0,20.900,0,10.1,0,3.1,-1.4, 
30-mar-2006,0,10.100,0,10.7,0,5.7,4.5, 
31-mar-2006,0,4.400,0,10.6,0,7.4,5.4, 
01-apr-2006,0,12.500,0,10.9,0,6.7,5.0, 
02-apr-2006,0,0.100,0,11.4,0,7.4,6.0, 
03-apr-2006,0,0.000,0,11.1,0,3.8,-1.0, 
04-apr-2006,0,0.000,0,10.0,0,3.0,-1.5, 
05-apr-2006,0,5.100,0,11.2,1,-1.3,-6.6, 
06-apr-2006,0,5.300,0,9.9,0,5.0,4.7, 
07-apr-2006,0,9.900,0,11.5,0,5.6,2.4, 
08-apr-2006,0,4.000,0,10.6,0,4.1,1.4, 
09-apr-2006,0,1.400,0,10.5,0,4.6,1.6, 
10-apr-2006,0,16.700,0,9.9,0,0.3,-4.0, 
11-apr-2006,0,2.500,0,10.6,0,6.2,6.5, 
12-apr-2006,0,3.500,0,11.1,0,8.2,6.1, 
13-apr-2006,0,1.800,0,12.3,0,9.2,7.2, 
14-apr-2006,0,0.700,0,11.3,0,8.0,3.9, 
15-apr-2006,0,1.000,0,12.2,0,7.4,6.1, 
16-apr-2006,0,2.400,0,12.2,0,7.5,3.4, 
17-apr-2006,0,4.600,0,11.8,0,8.6,6.0, 
18-apr-2006,0,1.300,0,11.7,0,8.0,6.3, 
19-apr-2006,0,1.000,0,11.1,2,4.0,-1.8, 
20-apr-2006,0,0.700,0,12.3,0,6.7,5.1, 
21-apr-2006,0,0.000,0,16.4,0,5.4,0.4, 
22-apr-2006,0,11.800,0,12.9,0,6.9,3.0, 
23-apr-2006,0,0.000,0,12.3,0,5.7,1.6, 
24-apr-2006,0,15.800,0,12.3,0,4.4,-0.5, 
25-apr-2006,0,0.900,0,12.6,0,8.4,5.1, 
26-apr-2006,0,0.300,0,12.8,0,9.9,8.2, 
27-apr-2006,0,0.000,0,11.7,0,7.4,2.6, 
28-apr-2006,0,0.000,0,13.7,0,8.5,4.0, 
29-apr-2006,0,0.100,0,15.4,0,8.3,4.8, 
30-apr-2006,0,16.100,0,14.3,0,8.5,8.0, 
01-may-2006,0,30.600,0,11.2,0,6.5,4.2, 
02-may-2006,0,25.200,0,14.0,0,7.6,6.5, 
03-may-2006,0,0.000,0,14.1,0,7.1,4.5, 
04-may-2006,0,5.800,0,17.3,0,10.4,9.0, 
05-may-2006,0,11.900,0,16.4,0,6.8,5.3, 
06-may-2006,0,8.900,0,14.2,0,9.9,8.6, 
07-may-2006,0,0.400,0,16.2,0,8.4,7.5, 
08-may-2006,0,6.400,0,11.7,0,6.7,2.5, 
09-may-2006,0,0.000,0,16.7,0,6.6,2.8, 
10-may-2006,0,0.000,0,21.0,0,8.1,4.6, 
11-may-2006,0,0.400,0,21.9,0,9.6,5.6, 
12-may-2006,0,2.400,0,19.4,0,12.0,9.9, 
13-may-2006,0,4.700,0,14.7,0,7.4,7.5, 
14-may-2006,0,12.200,0,14.2,0,9.3,10.9, 
15-may-2006,0,9.700,0,14.1,0,12.4,11.0, 
16-may-2006,0,12.200,0,13.9,0,12.0,11.5, 
17-may-2006,0,45.200,0,15.4,0,11.7,11.6, 
18-may-2006,0,14.900,0,13.4,0,10.8,9.6, 
19-may-2006,0,22.200,0,14.8,0,10.3,8.5, 
20-may-2006,0,0.700,0,12.9,0,9.9,9.6, 
21-may-2006,0,50.100,0,8.3,0,6.6,5.5, 
22-may-2006,0,4.200,0,10.4,0,5.6,4.6, 
23-may-2006,0,10.300,0,11.6,0,4.0,2.4, 
24-may-2006,0,0.100,0,13.2,0,5.3,3.7, 
25-may-2006,0,19.300,0,14.5,0,3.2,1.0, 
26-may-2006,0,4.200,0,14.7,0,10.9,11.4, 
27-may-2006,0,0.200,0,14.0,0,11.5,10.7, 
28-may-2006,0,0.800,0,14.3,0,10.6,8.6, 
29-may-2006,0,0.000,0,15.1,0,8.8,6.1, 
30-may-2006,0,0.000,0,14.9,0,7.8,6.1, 
31-may-2006,0,0.000,0,16.0,0,4.1,2.0, 
01-jun-2006,0,0.000,0,16.5,0,8.6,7.0, 
02-jun-2006,0,0.000,0,19.7,0,6.9,5.1, 
03-jun-2006,0,0.000,0,21.8,0,5.5,4.9, 
04-jun-2006,0,0.000,0,20.9,0,11.8,9.9, 
05-jun-2006,0,0.000,0,23.9,0,8.1,7.4, 
06-jun-2006,0,0.000,0,21.7,0,9.5,7.2, 
07-jun-2006,0,0.000,0,21.9,0,7.9,8.3, 
08-jun-2006,0,0.000,0,26.0,0,8.3,6.5, 
09-jun-2006,0,0.300,0,24.8,0,16.6,13.3, 
10-jun-2006,0,0.200,0,21.9,0,17.0,13.7, 
11-jun-2006,0,7.200,0,19.0,0,13.1,11.0, 
12-jun-2006,0,8.200,0,14.9,0,12.5,10.0, 
13-jun-2006,0,0.000,0,15.6,0,11.5,9.2, 
14-jun-2006,0,0.000,0,17.8,0,5.4,4.0, 
15-jun-2006,0,1.900,0,17.4,0,9.8,7.5, 
16-jun-2006,0,1.100,0,16.7,0,13.1,12.0, 
17-jun-2006,0,7.400,0,17.9,0,12.9,12.0, 
18-jun-2006,0,14.700,0,14.7,0,12.7,12.1, 
19-jun-2006,0,14.300,0,16.7,0,12.3,11.5, 
20-jun-2006,0,10.000,0,14.1,0,11.5,9.5, 
21-jun-2006,0,2.100,0,13.8,0,10.8,8.6, 
22-jun-2006,0,0.000,0,13.3,0,10.7,8.5, 
23-jun-2006,0,0.000,0,16.2,0,5.1,1.1, 
24-jun-2006,0,0.000,0,18.0,0,11.5,9.6, 
25-jun-2006,0,0.000,0,18.8,0,11.0,8.0, 
26-jun-2006,0,0.000,0,19.9,0,10.1,7.5, 
27-jun-2006,0,0.000,0,19.2,0,8.1,4.5, 
28-jun-2006,0,9.500,0,16.7,0,9.6,5.6, 
29-jun-2006,0,5.500,0,17.2,0,10.9,7.6, 
30-jun-2006,0,0.000,0,19.1,0,10.7,7.0, 
01-jul-2006,0,5.100,0,17.4,0,13.4,10.1, 
02-jul-2006,0,0.000,0,19.9,0,12.4,11.4, 
03-jul-2006,0,0.000,0,20.4,0,12.6,10.8, 
04-jul-2006,0,0.000,0,21.0,0,10.6,10.1, 
05-jul-2006,0,6.700,0,19.4,0,13.9,11.6, 
06-jul-2006,0,2.800,0,18.6,0,15.6,15.1, 
07-jul-2006,0,1.500,0,15.9,0,12.6,11.9, 
08-jul-2006,0,28.900,0,15.8,0,11.3,9.9, 
09-jul-2006,0,0.000,0,16.8,0,12.1,10.9, 
10-jul-2006,0,2.500,0,16.7,0,13.6,13.0, 
11-jul-2006,0,1.300,0,17.5,0,12.4,10.9, 
12-jul-2006,0,0.000,0,16.9,0,14.1,13.5, 
13-jul-2006,0,0.000,0,19.4,0,9.8,6.1, 
14-jul-2006,0,0.000,0,22.0,0,8.9,5.0, 
15-jul-2006,0,0.000,0,24.2,0,10.2,7.0, 
16-jul-2006,0,0.000,0,22.2,0,11.4,7.6, 
17-jul-2006,0,0.000,0,25.3,0,13.1,9.5, 
18-jul-2006,0,0.000,0,27.6,0,15.4,11.1, 
19-jul-2006,0,0.000,0,28.7,0,15.4,12.3, 
20-jul-2006,0,0.200,0,21.2,0,18.8,16.0, 
21-jul-2006,0,0.000,0,22.3,0,9.8,6.2, 
22-jul-2006,0,8.300,0,18.9,0,12.6,8.8, 
23-jul-2006,0,1.400,0,18.3,0,14.7,13.2, 
24-jul-2006,0,5.200,0,19.5,0,15.7,14.5, 
25-jul-2006,0,1.100,0,21.4,0,16.9,14.9, 
26-jul-2006,0,1.400,0,21.2,0,14.3,11.1, 
27-jul-2006,0,2.300,0,18.5,0,15.5,15.0, 
28-jul-2006,0,2.400,0,19.9,0,13.5,12.0, 
29-jul-2006,0,11.700,0,18.8,0,16.7,15.4, 
30-jul-2006,0,7.800,0,17.6,0,13.5,12.5, 
31-jul-2006,0,7.600,0,17.0,0,13.0,13.1, 
01-aug-2006,0,0.600,0,17.0,0,14.3,11.8, 
02-aug-2006,0,0.000,0,17.6,0,13.9,12.2, 
03-aug-2006,0,2.400,2,18.2,0,13.8,11.0, 
04-aug-2006,0,3.900,0,18.4,0,15.3,14.0, 
05-aug-2006,0,9.000,0,20.5,0,17.1,16.5, 
06-aug-2006,0,0.000,0,20.0,0,15.2,15.1, 
07-aug-2006,0,0.000,0,19.3,0,13.4,11.4, 
08-aug-2006,0,9.600,0,19.1,0,9.1,5.0, 
09-aug-2006,0,0.000,0,17.9,0,12.6,10.1, 
10-aug-2006,0,0.000,0,17.4,0,14.3,11.8, 
11-aug-2006,0,0.300,0,18.0,0,13.5,12.2, 
12-aug-2006,0,0.000,0,15.8,0,12.3,11.0, 
13-aug-2006,0,0.000,0,16.5,0,12.7,10.4, 
14-aug-2006,0,2.900,0,17.3,0,11.7,10.3, 
15-aug-2006,0,5.100,0,18.2,0,12.8,11.9, 
16-aug-2006,0,3.300,0,17.0,0,12.5,9.4, 
17-aug-2006,0,0.600,0,19.4,0,12.7,9.2, 
18-aug-2006,0,1.200,0,16.9,0,11.9,8.7, 
19-aug-2006,0,2.300,0,17.7,0,14.2,13.3, 
20-aug-2006,0,3.600,0,15.9,0,12.5,9.4, 
21-aug-2006,0,0.800,0,17.7,0,12.2,11.3, 
22-aug-2006,0,6.200,0,17.8,0,12.8,12.9, 
23-aug-2006,0,1.300,0,16.9,0,13.2,11.1, 
24-aug-2006,0,8.500,0,17.6,0,9.0,4.8, 
25-aug-2006,0,13.100,0,17.7,0,13.0,12.5, 
26-aug-2006,0,2.100,0,16.6,0,13.4,12.2, 
27-aug-2006,0,3.700,0,16.1,0,14.4,10.9, 
28-aug-2006,0,7.000,0,17.4,0,12.5,9.6, 
29-aug-2006,0,1.600,0,16.0,0,12.0,9.9, 
30-aug-2006,0,27.500,2,16.7,0,11.6,7.7, 
31-aug-2006,0,11.900,0,18.1,0,12.5,11.9, 
01-sep-2006,0,11.800,0,16.5,0,14.4,13.5, 
02-sep-2006,0,4.900,0,17.1,0,13.2,11.3, 
03-sep-2006,0,0.000,0,17.9,0,12.6,11.5, 
04-sep-2006,0,13.600,0,17.9,0,14.2,12.1, 
05-sep-2006,0,35.000,0,18.1,0,15.3,14.6, 
06-sep-2006,0,0.000,0,16.6,0,13.1,11.5, 
07-sep-2006,0,0.000,0,18.9,0,12.2,9.3, 
08-sep-2006,0,0.000,0,20.1,0,9.6,4.7, 
09-sep-2006,0,0.000,0,22.1,0,13.0,8.9, 
10-sep-2006,0,2.300,0,20.8,0,15.6,15.5, 
11-sep-2006,0,1.800,0,21.6,0,17.1,16.0, 
12-sep-2006,0,10.000,0,19.0,0,16.0,12.5, 
13-sep-2006,0,6.400,0,17.4,0,13.0,12.3, 
14-sep-2006,0,0.000,0,15.3,0,8.6,5.9, 
15-sep-2006,0,0.000,0,17.9,0,7.2,2.5, 
16-sep-2006,0,7.500,0,20.8,0,11.9,8.5, 
17-sep-2006,0,12.700,0,18.4,0,14.2,13.8, 
18-sep-2006,0,16.400,0,16.9,0,14.4,12.1, 
19-sep-2006,0,61.600,0,16.5,0,12.1,9.1, 
20-sep-2006,0,9.600,0,14.5,0,10.7,10.4, 
21-sep-2006,0,46.500,0,14.0,0,11.3,10.4, 
22-sep-2006,0,6.300,0,18.4,0,11.1,10.0, 
23-sep-2006,0,5.800,0,17.1,0,13.7,10.6, 
24-sep-2006,0,6.200,0,19.5,0,13.6,11.9, 
25-sep-2006,0,3.300,0,17.7,0,11.7,7.5, 
26-sep-2006,0,23.000,0,17.4,0,13.0,9.5, 
27-sep-2006,0,24.800,0,18.1,0,14.2,14.2, 
28-sep-2006,0,15.300,0,16.6,0,12.0,9.6, 
29-sep-2006,0,12.000,0,16.8,0,10.5,6.8, 
30-sep-2006,0,14.700,0,16.1,0,9.5,5.5, 
01-oct-2006,0,4.700,0,16.8,0,9.0,4.6, 
02-oct-2006,0,5.800,0,14.7,2,11.3,9.9, 
03-oct-2006,4,0.000,0,14.9,0,9.3,5.1, 
04-oct-2006,0,35.500,0,15.5,0,5.5,1.2, 
05-oct-2006,0,17.800,0,16.3,0,10.5,9.2, 
06-oct-2006,0,1.100,0,14.6,0,12.7,11.0, 
07-oct-2006,0,3.100,0,15.1,0,11.5,7.7, 
08-oct-2006,0,6.000,0,15.2,0,11.6,10.4, 
09-oct-2006,0,2.100,0,15.1,0,10.3,6.6, 
10-oct-2006,0,28.300,0,16.2,0,9.1,5.3, 
11-oct-2006,0,9.900,0,14.5,0,11.2,9.4, 
12-oct-2006,0,0.100,0,16.8,0,11.1,9.5, 
13-oct-2006,0,0.000,0,19.1,0,13.4,10.9, 
14-oct-2006,0,0.000,0,17.7,0,13.6,10.2, 
15-oct-2006,0,0.000,0,18.1,0,14.1,9.8, 
16-oct-2006,0,0.000,0,14.7,0,11.2,7.2, 
17-oct-2006,0,19.200,0,15.7,0,11.8,10.4, 
18-oct-2006,0,3.000,0,16.7,0,13.0,10.0, 
19-oct-2006,0,0.100,0,16.7,0,12.7,11.5, 
20-oct-2006,0,7.400,0,16.7,0,13.2,11.8, 
21-oct-2006,0,7.300,0,14.8,0,9.6,5.6, 
22-oct-2006,0,6.400,0,13.9,0,6.9,3.1, 
23-oct-2006,0,2.400,0,14.5,0,8.6,5.0, 
24-oct-2006,0,3.500,0,14.2,0,8.6,4.9, 
25-oct-2006,0,32.000,0,12.3,0,6.8,2.8, 
26-oct-2006,0,14.800,0,12.7,0,9.5,7.6, 
27-oct-2006,0,18.000,0,15.0,0,10.1,6.6, 
28-oct-2006,0,1.100,0,14.8,0,11.5,10.6, 
29-oct-2006,0,9.600,0,14.9,0,6.9,2.2, 
30-oct-2006,0,10.500,0,14.7,0,11.6,10.9, 
31-oct-2006,0,0.000,0,12.1,0,10.6,7.1, 
01-nov-2006,0,0.000,0,11.2,0,2.9,-1.3, 
02-nov-2006,0,0.000,0,11.2,0,1.3,-3.6, 
03-nov-2006,0,0.000,0,12.0,0,1.6,-2.8, 
04-nov-2006,0,0.000,0,14.3,0,3.5,-0.5, 
05-nov-2006,0,0.000,0,13.1,0,10.5,7.6, 
06-nov-2006,0,7.000,2,13.0,0,6.8,2.1, 
07-nov-2006,0,9.300,0,13.8,0,9.5,9.0, 
08-nov-2006,0,0.000,0,12.5,0,9.6,5.4, 
09-nov-2006,0,6.600,0,14.5,0,3.4,-0.9, 
10-nov-2006,0,5.500,0,14.9,0,4.2,-0.3, 
11-nov-2006,0,2.400,0,12.5,0,9.1,6.0, 
12-nov-2006,0,5.000,0,14.1,0,10.6,9.7, 
13-nov-2006,0,10.100,0,11.8,0,10.9,8.3, 
14-nov-2006,0,3.800,0,10.1,0,7.5,5.0, 
15-nov-2006,0,20.400,0,8.1,0,6.8,4.4, 
16-nov-2006,0,7.300,0,6.9,0,4.5,2.2, 
17-nov-2006,0,31.100,0,7.4,0,2.1,0.0, 
18-nov-2006,0,7.000,0,9.9,0,2.3,0.2, 
19-nov-2006,0,56.800,0,13.2,0,2.5,-0.1, 
20-nov-2006,0,12.400,0,9.9,0,6.6,3.1, 
21-nov-2006,0,6.200,0,11.6,0,5.5,2.4, 
22-nov-2006,0,26.100,0,11.2,0,5.6,2.2, 
23-nov-2006,0,20.700,0,10.0,0,8.9,5.9, 
24-nov-2006,0,9.300,0,10.7,0,4.2,0.1, 
25-nov-2006,0,1.500,0,10.4,0,5.6,1.5, 
26-nov-2006,0,18.300,0,12.4,0,6.6,3.5, 
27-nov-2006,0,9.200,0,11.3,0,7.7,6.4, 
28-nov-2006,0,6.600,0,12.3,0,8.0,6.2, 
29-nov-2006,0,30.700,0,13.3,0,6.9,5.0, 
30-nov-2006,0,48.800,0,12.4,0,10.4,8.8, 
01-dec-2006,0,14.600,0,10.8,0,5.0,1.3, 
02-dec-2006,0,99.200,0,12.8,0,6.9,3.2, 
03-dec-2006,0,19.600,0,10.4,0,6.4,5.0, 
04-dec-2006,0,16.600,0,13.8,0,8.0,3.5, 
05-dec-2006,0,31.600,0,10.3,0,6.7,4.9, 
06-dec-2006,0,22.100,0,11.1,0,7.1,5.2, 
07-dec-2006,0,15.000,0,9.9,0,6.6,5.5, 
08-dec-2006,0,9.900,0,8.2,0,5.6,4.0, 
09-dec-2006,0,28.000,0,13.0,0,3.8,1.1, 
10-dec-2006,0,14.700,0,14.6,0,5.2,3.9, 
11-dec-2006,0,10.900,0,11.2,0,6.0,3.7, 
12-dec-2006,0,22.100,0,12.5,0,6.4,4.6, 
13-dec-2006,0,51.000,0,13.1,0,9.3,5.3, 
14-dec-2006,0,15.700,0,9.4,0,9.0,7.6, 
15-dec-2006,0,5.700,0,8.8,0,6.1,5.4, 
16-dec-2006,0,7.600,0,9.4,0,5.6,2.6, 
17-dec-2006,0,7.800,0,9.4,0,6.3,4.2, 
18-dec-2006,0,0.100,0,7.2,0,2.7,-0.1, 
19-dec-2006,0,0.000,2,3.6,0,0.0,-3.1, 
20-dec-2006,0,0.000,0,9.7,0,1.3,0.0, 
21-dec-2006,0,1.400,0,10.2,0,3.6,2.0, 
22-dec-2006,0,0.100,0,9.0,0,8.4,7.3, 
23-dec-2006,4,0.000,0,8.1,0,6.6,4.6, 
24-dec-2006,0,0.000,0,8.5,0,6.2,4.8, 
25-dec-2006,0,0.000,0,9.1,0,4.6,2.0, 
26-dec-2006,0,1.200,0,9.9,0,7.2,5.0, 
27-dec-2006,0,3.300,0,11.8,0,7.3,3.9, 
28-dec-2006,0,38.300,0,13.1,0,7.7,4.7, 
29-dec-2006,0,32.000,0,12.7,0,10.8,9.8, 
30-dec-2006,0,36.900,0,11.4,0,5.5,3.2, 
31-dec-2006,0,9.800,0,11.5,0,6.7,3.6, 
01-jan-2007,0,7.800,0,9.7,0,7.0,2.7, 
02-jan-2007,0,5.800,0,13.0,0,6.1,4.6, 
03-jan-2007,0,18.000,0,12.7,0,8.6,6.1, 
04-jan-2007,0,8.500,0,11.7,0,9.4,6.3, 
05-jan-2007,0,1.400,0,10.2,0,8.5,5.5, 
06-jan-2007,0,23.200,0,11.0,0,7.3,5.0, 
07-jan-2007,0,27.300,0,10.4,0,8.4,6.0, 
08-jan-2007,0,12.800,0,12.9,0,5.6,2.4, 
09-jan-2007,0,2.200,0,10.1,0,8.0,6.5, 
10-jan-2007,0,22.400,0,12.7,0,5.4,1.0, 
11-jan-2007,0,6.000,0,13.4,2,5.8,2.5, 
12-jan-2007,0,6.400,0,13.7,0,8.4,4.6, 
13-jan-2007,0,16.000,0,11.6,0,9.2,6.2, 
14-jan-2007,0,0.200,0,11.4,2,4.4,2.2, 
15-jan-2007,0,8.600,0,11.1,0,9.9,7.0, 
16-jan-2007,0,21.200,0,9.0,0,0.6,-3.4, 
17-jan-2007,0,23.500,0,12.7,0,2.0,-0.1, 
18-jan-2007,0,2.500,0,10.9,0,3.4,0.6, 
19-jan-2007,0,9.200,0,12.4,0,8.5,4.2, 
20-jan-2007,0,14.700,0,8.9,0,4.9,3.1, 
21-jan-2007,0,6.800,0,7.7,0,4.1,0.9, 
22-jan-2007,0,0.700,0,6.8,0,3.6,-0.4, 
23-jan-2007,0,5.300,0,7.7,0,3.4,-0.2, 
24-jan-2007,0,0.700,0,8.4,0,4.9,2.8, 
25-jan-2007,0,0.300,0,7.7,1,-1.1,-5.9, 
26-jan-2007,0,0.500,0,8.9,1,-0.9,-5.4, 
27-jan-2007,0,0.500,0,10.0,0,6.6,4.5, 
28-jan-2007,0,0.200,0,11.2,0,6.5,5.5, 
29-jan-2007,0,0.000,0,10.4,0,6.7,5.0, 
30-jan-2007,0,2.500,0,11.4,0,5.7,2.6, 
31-jan-2007,0,1.000,0,11.0,0,8.0,6.0, 
01-feb-2007,0,0.300,0,11.9,0,9.5,7.7, 
02-feb-2007,0,0.000,0,11.0,0,5.5,1.0, 
03-feb-2007,0,0.000,0,8.4,0,1.0,-5.0, 
04-feb-2007,0,0.000,0,8.3,1,-0.5,-5.5, 
05-feb-2007,0,0.000,0,8.4,1,-0.4,-5.9, 
06-feb-2007,0,0.000,0,5.4,1,-0.9,-6.3, 
07-feb-2007,0,27.800,0,6.6,1,-1.5,-7.8, 
08-feb-2007,0,6.600,0,7.5,0,2.4,-0.1, 
09-feb-2007,0,9.900,0,8.9,0,3.3,-1.1, 
10-feb-2007,0,10.100,0,8.7,0,3.3,1.6, 
11-feb-2007,0,10.000,0,9.5,0,4.9,2.3, 
12-feb-2007,0,6.800,0,10.0,0,5.3,0.6, 
13-feb-2007,0,7.000,0,9.6,0,2.9,-1.8, 
14-feb-2007,0,19.400,0,11.9,0,1.6,-2.4, 
15-feb-2007,0,6.800,0,12.0,0,1.9,-3.1, 
16-feb-2007,0,2.100,0,10.8,0,2.0,-4.3, 
17-feb-2007,0,1.600,0,10.9,2,3.6,0.6, 
18-feb-2007,0,30.200,0,10.3,0,1.5,-4.5, 
19-feb-2007,0,7.400,0,12.1,0,4.3,2.0, 
20-feb-2007,0,5.000,0,10.9,0,5.5,3.1, 
21-feb-2007,0,15.800,0,11.1,0,3.5,-0.6, 
22-feb-2007,0,7.300,0,11.6,0,6.8,5.4, 
23-feb-2007,0,9.800,0,10.3,0,6.7,5.2, 
24-feb-2007,0,7.700,0,10.9,2,5.2,1.8, 
25-feb-2007,0,4.800,0,10.8,0,5.0,3.7, 
26-feb-2007,0,31.100,0,11.9,0,4.8,3.2, 
27-feb-2007,0,7.100,0,12.0,0,7.6,7.5, 
28-feb-2007,0,7.900,0,10.0,0,7.8,5.7, 
01-mar-2007,0,3.500,0,12.0,0,4.6,2.1, 
02-mar-2007,0,5.700,0,11.5,0,1.9,-1.6, 
03-mar-2007,0,13.400,0,11.4,0,2.0,-1.7, 
04-mar-2007,0,7.900,0,11.1,0,0.4,-4.6, 
05-mar-2007,0,79.400,0,11.1,0,0.8,-2.7, 
06-mar-2007,0,2.500,0,11.1,0,6.0,2.0, 
07-mar-2007,0,9.700,0,9.6,0,4.1,-0.7, 
08-mar-2007,0,12.500,0,12.3,0,5.1,0.9, 
09-mar-2007,0,0.400,0,12.4,0,3.4,-1.4, 
10-mar-2007,0,15.600,0,11.8,0,2.1,-3.0, 
11-mar-2007,0,5.300,0,8.6,2,6.0,4.2, 
12-mar-2007,0,1.500,0,11.2,0,5.4,4.1, 
13-mar-2007,0,0.000,0,12.5,0,7.1,3.7, 
14-mar-2007,0,9.200,0,11.9,0,9.1,6.1, 
15-mar-2007,0,0.400,0,10.6,0,8.8,7.6, 
16-mar-2007,0,2.100,0,11.3,0,4.0,-0.8, 
17-mar-2007,0,25.200,0,11.2,0,8.6,6.9, 
18-mar-2007,0,9.800,0,6.5,2,3.0,-0.7, 
19-mar-2007,0,6.700,0,7.0,2,1.1,-1.9, 
20-mar-2007,0,2.500,0,8.4,2,2.0,-1.4, 
21-mar-2007,0,4.700,0,11.4,0,0.9,-2.8, 
22-mar-2007,0,0.000,0,13.6,0,6.6,7.2, 
23-mar-2007,0,0.500,0,12.2,0,2.2,-1.5, 
24-mar-2007,0,0.000,0,12.6,0,7.4,5.6, 
25-mar-2007,0,0.000,0,11.9,0,2.4,-1.7, 
26-mar-2007,0,0.000,0,12.8,0,3.4,-0.7, 
27-mar-2007,0,3.000,0,13.3,0,2.7,-1.9, 
28-mar-2007,0,6.000,0,10.7,0,4.9,2.6, 
29-mar-2007,0,0.400,0,10.3,0,2.8,-0.4, 
30-mar-2007,0,0.000,0,13.2,0,4.9,4.4, 
31-mar-2007,0,0.000,0,15.6,0,7.4,4.0, 
01-apr-2007,0,0.000,0,15.5,0,2.6,-0.8, 
02-apr-2007,0,0.000,0,15.4,0,6.0,2.7, 
03-apr-2007,0,0.000,0,16.1,0,5.0,2.9, 
04-apr-2007,0,0.000,0,14.9,0,1.0,-4.0, 
05-apr-2007,0,0.000,0,15.9,0,2.1,-2.0, 
06-apr-2007,0,0.000,0,16.3,0,2.6,-2.5, 
07-apr-2007,0,0.000,0,16.9,0,2.3,-1.9, 
08-apr-2007,0,0.000,2,13.3,0,2.8,-1.9, 
09-apr-2007,0,1.200,0,12.8,0,6.6,4.8, 
10-apr-2007,0,1.200,0,12.7,0,10.2,7.1, 
11-apr-2007,0,0.000,0,13.8,0,10.5,9.4, 
12-apr-2007,0,0.000,0,16.3,0,4.1,0.0, 
13-apr-2007,0,0.000,0,16.0,0,5.0,-0.4, 
14-apr-2007,0,0.000,0,18.0,0,7.1,2.1, 
15-apr-2007,0,1.900,2,13.9,0,11.4,8.9, 
16-apr-2007,0,0.000,2,14.0,0,4.9,0.8, 
17-apr-2007,0,0.000,0,14.2,0,3.6,-0.2, 
18-apr-2007,0,0.000,0,13.4,0,2.2,-2.3, 
19-apr-2007,0,0.000,0,15.3,0,9.0,5.5, 
20-apr-2007,0,0.300,0,15.5,0,5.4,0.9, 
21-apr-2007,0,32.200,0,13.4,0,11.6,9.9, 
22-apr-2007,0,34.600,0,13.5,0,12.0,11.0, 
23-apr-2007,0,12.300,0,13.6,0,12.1,11.2, 
24-apr-2007,0,38.600,0,13.9,0,11.6,10.1, 
25-apr-2007,0,1.000,2,12.3,0,8.6,7.0, 
26-apr-2007,0,0.000,0,13.1,0,2.6,-1.5, 
27-apr-2007,0,0.000,0,16.1,0,4.0,0.0, 
28-apr-2007,0,0.000,0,18.9,0,10.6,7.4, 
29-apr-2007,0,2.100,0,21.1,0,13.2,11.5, 
30-apr-2007,0,0.500,0,15.6,0,10.7,8.9, 
01-may-2007,0,0.000,0,21.3,0,9.5,5.7, 
02-may-2007,0,0.000,0,22.1,0,8.6,3.6, 
03-may-2007,0,0.000,0,22.7,0,5.6,1.0, 
04-may-2007,0,0.000,0,21.6,0,6.6,2.8, 
05-may-2007,0,7.100,0,14.6,0,7.6,2.2, 
06-may-2007,0,6.300,0,12.9,0,7.4,8.1, 
07-may-2007,0,8.200,0,13.5,0,9.8,7.9, 
08-may-2007,0,3.100,0,14.0,0,9.5,8.0, 
09-may-2007,0,31.300,0,13.4,0,9.1,5.7, 
10-may-2007,0,0.200,0,13.5,0,9.5,8.0, 
11-may-2007,0,3.500,0,14.1,0,5.0,1.1, 
12-may-2007,0,1.000,0,14.9,0,8.4,5.9, 
13-may-2007,0,1.400,0,15.0,0,8.1,4.1, 
14-may-2007,0,3.700,0,13.0,0,6.9,3.0, 
15-may-2007,0,5.000,0,14.8,0,9.1,7.6, 
16-may-2007,0,35.500,0,14.7,0,9.0,8.5, 
17-may-2007,0,7.700,0,16.7,0,12.6,11.5, 
18-may-2007,0,10.800,0,12.5,0,9.6,7.6, 
19-may-2007,0,4.400,0,12.8,0,8.5,7.3, 
20-may-2007,0,0.100,0,13.5,0,7.0,5.0, 
21-may-2007,0,2.000,0,14.8,0,4.4,0.6, 
22-may-2007,0,3.700,0,14.7,0,9.6,8.6, 
23-may-2007,0,4.700,0,14.7,0,11.9,11.5, 
24-may-2007,0,9.400,0,13.9,0,12.4,11.8, 
25-may-2007,0,4.300,0,12.0,0,8.3,7.0, 
26-may-2007,0,3.200,0,12.3,0,6.9,4.0, 
27-may-2007,0,0.800,0,13.4,0,7.0,5.3, 
28-may-2007,0,0.000,0,15.2,0,6.2,2.4, 
29-may-2007,0,0.000,0,15.7,0,2.1,-2.0, 
30-may-2007,0,7.300,0,12.6,0,5.3,0.7, 
31-may-2007,0,0.800,0,17.0,0,9.5,8.5, 
01-jun-2007,0,22.700,0,18.4,2,11.5,10.0, 
02-jun-2007,0,19.500,0,15.8,0,13.3,12.1, 
03-jun-2007,0,0.000,0,16.9,0,11.6,8.6, 
04-jun-2007,0,0.000,0,19.8,0,6.3,2.8, 
05-jun-2007,0,19.700,0,22.2,0,12.5,8.7, 
06-jun-2007,0,0.000,0,23.6,0,12.7,10.5, 
07-jun-2007,0,0.000,0,23.4,0,10.7,7.0, 
08-jun-2007,0,0.000,0,23.1,0,12.4,8.2, 
09-jun-2007,0,0.000,0,25.2,0,11.6,8.3, 
10-jun-2007,0,0.000,0,24.6,0,13.4,9.6, 
11-jun-2007,0,8.400,0,23.6,0,14.0,10.3, 
12-jun-2007,0,0.000,0,19.7,0,15.1,14.4, 
13-jun-2007,0,16.300,0,17.5,0,13.5,5.0, 
14-jun-2007,0,13.000,0,16.0,0,12.7,11.9, 
15-jun-2007,0,2.300,0,12.1,0,11.2,10.7, 
16-jun-2007,0,0.200,0,15.3,0,10.1,9.0, 
17-jun-2007,0,0.000,0,15.4,0,6.1,1.9, 
18-jun-2007,0,11.500,0,16.9,2,11.1,7.5, 
19-jun-2007,0,38.100,0,16.6,0,12.5,9.5, 
20-jun-2007,0,27.500,0,18.7,0,13.0,9.7, 
21-jun-2007,0,1.100,0,19.5,0,13.6,12.5, 
22-jun-2007,0,1.300,0,17.3,0,13.4,12.6, 
23-jun-2007,0,5.400,0,14.8,0,11.6,10.0, 
24-jun-2007,0,5.900,0,16.4,0,9.3,8.6, 
25-jun-2007,0,0.400,0,14.4,0,12.2,11.8, 
26-jun-2007,0,3.400,0,14.0,0,10.6,8.4, 
27-jun-2007,0,2.400,0,14.4,0,10.6,10.0, 
28-jun-2007,0,20.300,0,14.5,0,9.7,6.6, 
29-jun-2007,0,6.700,0,17.4,0,10.9,8.4, 
30-jun-2007,0,7.300,0,19.0,0,12.8,11.9, 
01-jul-2007,0,7.500,0,18.0,0,13.7,13.0, 
02-jul-2007,0,22.800,0,16.3,0,13.2,12.0, 
03-jul-2007,0,21.200,0,14.7,0,12.2,10.7, 
04-jul-2007,0,4.200,0,15.9,0,12.5,11.0, 
05-jul-2007,0,9.300,0,15.7,0,12.1,11.4, 
06-jul-2007,0,1.000,0,15.5,0,12.0,10.9, 
07-jul-2007,0,3.400,0,16.9,0,10.7,6.5, 
08-jul-2007,0,9.900,0,16.7,0,10.8,8.1, 
09-jul-2007,0,19.800,0,14.1,0,12.0,9.9, 
10-jul-2007,0,0.400,0,17.4,0,12.1,11.3, 
11-jul-2007,0,6.800,0,17.5,0,10.5,6.6, 
12-jul-2007,0,0.000,0,18.1,2,14.0,10.5, 
13-jul-2007,0,4.400,0,16.3,0,12.9,11.9, 
14-jul-2007,0,0.000,0,18.6,0,12.7,10.5, 
15-jul-2007,0,10.400,0,19.5,0,10.0,5.5, 
16-jul-2007,0,2.500,0,19.5,0,13.7,13.5, 
17-jul-2007,0,13.400,0,17.6,0,10.2,6.0, 
18-jul-2007,0,20.800,0,17.7,0,13.6,13.1, 
19-jul-2007,0,0.000,0,17.6,0,13.1,12.6, 
20-jul-2007,0,2.600,0,20.4,0,10.9,7.9, 
21-jul-2007,0,0.800,0,19.9,0,11.2,8.4, 
22-jul-2007,0,5.100,0,19.9,0,10.0,5.4, 
23-jul-2007,0,0.000,0,19.4,0,10.1,7.1, 
24-jul-2007,0,3.500,0,17.6,0,13.2,12.1, 
25-jul-2007,0,16.700,0,17.0,0,13.6,12.4, 
26-jul-2007,0,6.400,0,16.3,0,11.7,10.4, 
27-jul-2007,0,0.000,0,18.1,0,13.4,11.1, 
28-jul-2007,0,0.700,0,17.0,0,10.1,6.9, 
29-jul-2007,0,0.000,0,17.9,0,10.0,7.1, 
30-jul-2007,0,0.000,0,19.5,0,8.6,5.4, 
31-jul-2007,0,9.400,0,19.0,0,9.6,5.9, 
01-aug-2007,0,3.400,0,18.5,0,13.8,14.0, 
02-aug-2007,0,1.100,0,18.8,0,13.1,12.2, 
03-aug-2007,0,24.200,0,18.3,0,15.4,14.5, 
04-aug-2007,0,9.500,0,16.4,0,13.9,11.0, 
05-aug-2007,0,11.100,0,18.7,0,12.1,10.7, 
06-aug-2007,0,5.200,0,16.7,0,10.7,8.2, 
07-aug-2007,0,0.000,0,18.1,0,12.2,9.6, 
08-aug-2007,0,4.000,0,17.5,0,10.9,10.5, 
09-aug-2007,0,2.100,0,17.4,0,13.8,11.7, 
10-aug-2007,0,6.600,0,17.3,0,14.0,13.2, 
11-aug-2007,0,17.400,0,16.1,0,14.5,14.2, 
12-aug-2007,0,4.300,0,17.6,0,11.9,9.6, 
13-aug-2007,0,4.800,0,17.7,0,12.3,10.5, 
14-aug-2007,0,17.600,0,14.9,0,11.1,9.6, 
15-aug-2007,0,7.500,0,15.4,0,12.2,10.0, 
16-aug-2007,0,1.100,0,15.9,0,11.3,9.5, 
17-aug-2007,0,13.200,0,15.3,0,12.0,11.1, 
18-aug-2007,0,3.800,0,15.6,0,12.9,13.4, 
19-aug-2007,0,21.000,0,16.1,0,12.0,10.1, 
20-aug-2007,0,0.600,0,17.3,0,13.6,12.5, 
21-aug-2007,0,0.000,0,18.8,0,12.4,9.9, 
22-aug-2007,0,1.000,0,20.4,0,12.4,10.2, 
23-aug-2007,0,0.500,0,20.7,0,11.9,10.4, 
24-aug-2007,0,1.100,0,19.2,0,14.7,15.3, 
25-aug-2007,0,4.300,0,17.0,0,15.1,14.9, 
26-aug-2007,0,0.100,0,19.6,0,12.3,11.5, 
27-aug-2007,0,0.000,0,18.5,0,11.2,8.9, 
28-aug-2007,0,1.300,0,17.3,0,9.4,7.5, 
29-aug-2007,0,1.000,0,17.1,0,13.2,11.5, 
30-aug-2007,0,2.000,0,16.7,0,13.7,13.7, 
31-aug-2007,0,1.900,0,17.0,0,14.4,13.5, 
01-sep-2007,0,15.100,0,17.2,0,14.0,13.8, 
02-sep-2007,0,0.300,0,20.0,0,15.6,15.0, 
03-sep-2007,0,2.300,0,17.6,0,12.6,11.5, 
04-sep-2007,0,4.500,0,17.3,0,12.9,12.7, 
05-sep-2007,0,0.100,0,19.7,0,14.6,15.4, 
06-sep-2007,0,0.000,0,19.3,0,13.8,13.5, 
07-sep-2007,0,0.000,0,20.4,2,13.5,12.1, 
08-sep-2007,0,0.000,0,21.2,0,9.6,6.5, 
09-sep-2007,0,0.000,0,18.6,0,9.3,6.2, 
10-sep-2007,0,0.600,0,17.3,0,14.8,13.4, 
11-sep-2007,0,0.000,0,17.2,0,15.0,13.9, 
12-sep-2007,0,0.000,0,18.2,0,13.9,12.9, 
13-sep-2007,0,14.500,0,18.4,0,12.6,11.6, 
14-sep-2007,0,0.000,0,16.2,0,12.4,9.8, 
15-sep-2007,0,52.600,0,17.1,0,10.4,7.2, 
16-sep-2007,0,3.000,0,15.8,0,12.7,12.6, 
17-sep-2007,0,0.000,0,14.0,0,8.8,6.4, 
18-sep-2007,0,21.200,0,15.2,0,6.7,3.6, 
19-sep-2007,0,2.600,0,16.4,0,10.5,9.8, 
20-sep-2007,0,6.000,0,15.8,0,12.5,10.2, 
21-sep-2007,0,0.000,0,16.5,0,10.8,9.8, 
22-sep-2007,0,4.800,0,17.0,0,11.4,8.1, 
23-sep-2007,0,10.400,0,16.6,0,13.6,11.1, 
24-sep-2007,0,18.200,0,14.0,0,10.0,8.1, 
25-sep-2007,0,0.400,0,14.9,0,11.3,9.3, 
26-sep-2007,0,0.000,0,13.2,0,9.5,6.0, 
27-sep-2007,0,0.000,0,13.3,0,3.0,-0.3, 
28-sep-2007,0,0.000,0,15.6,0,3.7,-0.2, 
29-sep-2007,0,1.100,0,15.4,0,8.4,6.6, 
30-sep-2007,0,0.000,0,16.7,2,11.2,9.5, 
01-oct-2007,0,0.000,0,16.9,0,7.2,3.6, 
02-oct-2007,0,22.700,0,17.0,0,11.1,10.0, 
03-oct-2007,0,1.300,0,14.4,0,13.0,12.4, 
04-oct-2007,0,0.100,0,16.5,0,8.5,5.5, 
05-oct-2007,0,0.000,0,16.2,0,9.9,8.8, 
06-oct-2007,0,0.000,0,19.5,0,13.6,12.2, 
07-oct-2007,0,0.500,0,17.1,0,9.4,7.0, 
08-oct-2007,1,5.800,0,16.6,0,10.5,7.9, 
09-oct-2007,1,0.100,0,16.6,0,14.1,12.4, 
10-oct-2007,1,6.700,0,16.5,0,9.7,6.8, 
11-oct-2007,0,4.900,0,16.4,0,14.0,13.9, 
12-oct-2007,0,0.200,0,15.1,0,14.3,13.2, 
13-oct-2007,0,8.000,0,15.5,0,13.3,11.7, 
14-oct-2007,0,16.300,0,16.4,0,13.7,12.9, 
15-oct-2007,0,3.400,0,15.8,0,11.9,10.0, 
16-oct-2007,0,1.700,0,14.7,0,10.0,7.5, 
17-oct-2007,0,0.000,0,14.6,0,8.6,6.5, 
18-oct-2007,0,0.000,0,14.2,0,4.7,2.0, 
19-oct-2007,0,0.000,0,14.7,0,9.6,7.9, 
20-oct-2007,0,0.000,0,15.9,0,12.0,8.2, 
21-oct-2007,0,14.900,0,14.6,0,12.5,10.0, 
22-oct-2007,0,0.700,0,15.2,0,12.9,11.6, 
23-oct-2007,0,0.200,0,14.2,0,6.7,4.9, 
24-oct-2007,0,0.000,0,13.9,0,6.9,3.3, 
25-oct-2007,0,16.900,0,14.6,0,4.9,2.5, 
26-oct-2007,0,2.000,0,15.5,0,7.1,5.2, 
27-oct-2007,0,53.000,0,16.3,0,9.4,7.9, 
28-oct-2007,0,11.600,0,12.6,0,9.8,6.9, 
29-oct-2007,0,2.300,0,14.0,0,7.9,5.8, 
30-oct-2007,0,0.300,0,14.8,0,10.4,8.0, 
31-oct-2007,0,0.000,0,16.0,0,12.9,11.2, 
01-dec-2007,1,20.000,0,11.0,0,4.6,2.0, 
02-dec-2007,0,11.600,0,10.9,0,7.0,4.9, 
03-dec-2007,0,6.700,0,14.5,0,7.1,2.4, 
04-dec-2007,0,3.400,0,14.6,0,8.5,6.1, 
05-dec-2007,0,8.600,0,14.5,0,10.4,8.2, 
06-dec-2007,0,27.600,0,14.1,0,9.6,7.0, 
07-dec-2007,0,29.700,0,13.4,0,5.9,4.0, 
08-dec-2007,0,25.100,0,12.9,0,5.9,2.8, 
09-dec-2007,0,2.100,0,9.9,0,6.1,2.9, 
10-dec-2007,0,1.600,0,9.7,0,5.5,1.4, 
11-dec-2007,0,11.100,0,11.9,0,2.6,-0.4, 
12-dec-2007,0,11.700,0,12.0,0,9.6,7.9, 
13-dec-2007,0,3.800,0,12.1,0,10.8,9.5, 
14-dec-2007,0,0.000,0,11.9,0,9.9,7.8, 
15-dec-2007,0,0.000,0,9.0,0,7.8,5.0, 
16-dec-2007,0,0.000,0,7.9,0,6.6,4.6, 
17-dec-2007,0,0.000,0,7.8,0,5.4,1.6, 
18-dec-2007,0,0.000,0,8.9,0,4.5,-0.4, 
19-dec-2007,0,0.000,0,9.0,0,1.1,-2.9, 
20-dec-2007,0,0.000,0,10.3,0,1.1,-1.1, 
21-dec-2007,0,1.200,0,10.5,0,4.5,3.0, 
22-dec-2007,0,0.700,0,9.0,2,5.5,4.6, 
23-dec-2007,0,26.500,0,11.4,0,2.5,-1.0, 
24-dec-2007,0,4.600,0,9.0,0,5.4,0.6, 
25-dec-2007,0,9.600,0,12.2,0,1.6,-1.5, 
26-dec-2007,0,14.500,0,12.7,0,6.4,2.4, 
27-dec-2007,0,18.000,0,12.2,0,7.8,7.9, 
28-dec-2007,0,22.000,0,12.2,0,8.8,7.8, 
29-dec-2007,0,6.400,0,10.9,1,-0.1,-1.5, 
30-dec-2007,0,17.100,0,11.5,0,7.5,4.3, 
31-dec-2007,0,15.200,0,12.5,0,8.0,6.5, 
01-jan-2008,0,0.500,0,12.5,0,8.6,7.6, 
02-jan-2008,0,0.000,0,8.4,0,7.5,5.9, 
03-jan-2008,0,0.000,0,4.5,0,3.2,0.5, 
04-jan-2008,0,14.200,0,9.2,1,-3.6,-7.6, 
05-jan-2008,0,5.500,0,8.4,0,0.5,-0.1, 
06-jan-2008,0,24.500,0,9.1,0,2.4,-1.2, 
07-jan-2008,0,18.900,0,8.5,0,2.6,-1.0, 
08-jan-2008,0,7.200,0,8.2,0,3.6,2.5, 
09-jan-2008,0,7.500,0,9.8,0,3.4,-0.2, 
10-jan-2008,0,2.100,0,8.3,0,4.4,1.2, 
11-jan-2008,0,4.500,0,8.5,1,-0.4,-3.6, 
12-jan-2008,0,27.500,0,11.5,1,-0.3,-3.4, 
13-jan-2008,0,8.300,0,11.6,0,3.2,1.0, 
14-jan-2008,0,12.000,0,9.9,2,7.0,6.1, 
15-jan-2008,0,11.700,0,8.4,0,4.0,0.0, 
16-jan-2008,0,16.000,0,10.5,0,5.1,2.6, 
17-jan-2008,0,15.100,0,14.0,0,3.9,0.7, 
18-jan-2008,0,0.500,0,14.0,0,6.5,4.9, 
19-jan-2008,0,9.000,0,12.2,0,5.0,1.6, 
20-jan-2008,0,34.700,0,12.4,0,5.2,2.4, 
21-jan-2008,0,6.700,0,10.0,0,8.2,7.1, 
22-jan-2008,0,33.900,0,13.0,0,6.0,3.7, 
23-jan-2008,0,15.100,0,12.7,0,9.7,9.0, 
24-jan-2008,0,2.400,0,11.7,0,4.0,0.0, 
25-jan-2008,0,0.400,0,11.7,0,5.0,2.5, 
26-jan-2008,0,0.100,0,11.7,0,11.0,9.0, 
27-jan-2008,0,0.000,0,12.8,0,10.8,6.3, 
28-jan-2008,0,6.400,0,12.4,0,9.3,6.0, 
29-jan-2008,0,6.600,0,9.0,0,7.9,5.4, 
30-jan-2008,0,14.300,0,10.2,0,4.0,0.0, 
31-jan-2008,0,27.300,0,7.0,0,4.0,2.2, 
01-feb-2008,0,9.900,0,5.0,0,0.1,-0.5, 
02-feb-2008,0,63.500,0,9.5,0,0.1,-1.0, 
03-feb-2008,0,14.700,0,8.6,0,4.0,2.0, 
04-feb-2008,0,19.900,0,9.9,0,2.4,-0.5, 
05-feb-2008,0,5.700,0,7.0,0,2.4,0.6, 
06-feb-2008,0,15.300,0,13.5,0,1.0,-2.5, 
07-feb-2008,0,8.700,0,14.7,0,1.4,-2.0, 
08-feb-2008,0,15.800,0,13.0,0,8.7,7.0, 
09-feb-2008,0,1.200,0,12.4,0,8.6,6.4, 
10-feb-2008,0,0.000,0,9.4,0,7.4,5.8, 
11-feb-2008,0,0.000,0,12.9,0,5.2,2.4, 
12-feb-2008,0,0.000,0,11.0,0,2.2,-2.1, 
13-feb-2008,0,0.000,0,14.5,0,2.4,-2.5, 
14-feb-2008,0,0.000,0,9.5,0,4.0,-1.7, 
15-feb-2008,0,0.000,0,5.8,0,0.5,-4.2, 
16-feb-2008,0,0.000,0,7.0,0,3.0,2.0, 
17-feb-2008,0,0.000,0,7.1,1,-1.2,-7.0, 
18-feb-2008,0,0.000,0,7.2,1,-0.2,-6.1, 
19-feb-2008,0,4.700,0,7.6,0,0.4,-2.6, 
20-feb-2008,0,7.400,0,11.0,0,3.5,1.0, 
21-feb-2008,0,6.800,0,12.0,0,7.0,4.8, 
22-feb-2008,0,3.700,0,11.4,0,7.1,7.6, 
23-feb-2008,0,24.000,0,11.3,0,4.5,4.5, 
24-feb-2008,0,4.700,0,9.6,0,5.2,1.1, 
25-feb-2008,0,32.300,0,11.6,0,4.8,1.9, 
26-feb-2008,0,4.700,0,10.4,0,6.9,4.0, 
27-feb-2008,0,2.800,0,10.2,0,6.4,2.5, 
28-feb-2008,0,22.100,0,11.4,0,4.5,1.2, 
29-feb-2008,0,4.600,0,12.1,0,7.7,6.6, 
01-mar-2008,0,6.300,0,12.2,0,7.4,4.4, 
02-mar-2008,0,9.100,0,9.0,0,7.4,3.8, 
03-mar-2008,0,5.500,0,7.4,0,1.7,-1.1, 
04-mar-2008,0,1.100,0,10.4,0,2.6,-1.0, 
05-mar-2008,0,1.200,0,10.5,0,6.4,3.0, 
06-mar-2008,0,24.000,0,10.6,0,8.9,6.0, 
07-mar-2008,0,13.500,0,10.6,0,5.5,1.7, 
08-mar-2008,0,7.400,0,10.6,0,6.9,5.1, 
09-mar-2008,0,24.100,0,8.5,0,4.6,1.4, 
10-mar-2008,0,17.500,0,9.7,0,3.6,1.1, 
11-mar-2008,0,9.700,0,10.2,0,4.1,1.6, 
12-mar-2008,0,7.500,0,9.9,0,4.5,1.7, 
13-mar-2008,0,2.400,0,10.3,0,6.1,2.1, 
14-mar-2008,0,26.000,0,10.7,0,2.9,-1.0, 
15-mar-2008,0,16.600,0,10.9,0,5.1,4.2, 
16-mar-2008,0,0.000,0,9.5,0,6.4,4.8, 
17-mar-2008,0,0.000,0,10.6,0,5.2,1.5, 
18-mar-2008,0,0.000,0,9.8,1,-1.4,-6.4, 
19-mar-2008,0,0.000,0,10.7,0,0.4,-3.5, 
20-mar-2008,0,8.100,0,12.0,0,6.2,4.5, 
21-mar-2008,0,4.000,0,9.1,0,5.6,3.9, 
22-mar-2008,0,7.200,0,8.4,0,4.7,1.5, 
23-mar-2008,0,2.200,0,11.5,0,4.4,1.6, 
24-mar-2008,0,4.200,0,10.5,0,6.4,5.4, 
25-mar-2008,0,7.900,0,10.7,0,3.4,0.4, 
26-mar-2008,0,6.800,0,8.7,0,4.9,3.0, 
27-mar-2008,0,36.800,0,11.4,1,-0.1,-3.6, 
28-mar-2008,0,25.200,0,8.9,2,4.1,0.0, 
29-mar-2008,0,6.200,0,10.6,0,5.0,1.5, 
30-mar-2008,0,1.700,0,11.5,0,3.0,-1.7, 
31-mar-2008,0,5.100,0,12.0,0,2.6,-0.9, 
01-apr-2008,0,2.400,0,12.5,2,6.7,4.0, 
02-apr-2008,0,0.200,0,12.7,0,8.6,7.0, 
03-apr-2008,0,0.000,0,14.6,0,9.5,7.4, 
04-apr-2008,0,1.700,0,14.2,0,9.5,8.0, 
05-apr-2008,0,5.300,0,9.9,0,6.4,3.2, 
06-apr-2008,0,7.100,0,9.0,0,2.4,0.1, 
07-apr-2008,0,4.800,0,9.0,0,1.3,-1.0, 
08-apr-2008,0,1.000,0,10.6,0,3.9,1.0, 
09-apr-2008,0,6.100,0,11.1,0,1.8,-1.8, 
10-apr-2008,0,6.700,0,8.9,0,3.0,0.7, 
11-apr-2008,0,15.100,0,8.8,0,3.4,-1.3, 
12-apr-2008,0,6.400,0,10.5,0,4.0,-0.4, 
13-apr-2008,0,0.200,0,12.8,0,4.4,-1.1, 
14-apr-2008,0,0.300,0,12.5,0,4.2,-1.6, 
15-apr-2008,0,0.000,0,13.3,0,1.5,-3.0, 
16-apr-2008,0,0.000,0,13.4,0,4.0,-1.8, 
17-apr-2008,0,0.000,0,10.0,0,6.8,4.0, 
18-apr-2008,0,0.000,0,11.8,0,5.3,2.1, 
19-apr-2008,0,0.200,0,10.7,0,6.2,4.9, 
20-apr-2008,0,0.200,0,9.4,0,6.4,4.8, 
21-apr-2008,0,0.000,0,11.9,0,6.4,5.4, 
22-apr-2008,0,8.800,0,13.3,0,7.7,4.9, 
23-apr-2008,0,7.900,0,15.4,0,8.5,4.1, 
24-apr-2008,0,7.000,0,14.0,0,7.5,4.4, 
25-apr-2008,0,24.100,0,13.3,0,9.7,8.0, 
26-apr-2008,0,5.900,0,14.3,0,9.9,8.4, 
27-apr-2008,0,7.000,0,12.6,0,9.6,5.9, 
28-apr-2008,0,1.100,0,12.0,0,6.8,3.4, 
29-apr-2008,0,3.000,0,12.7,0,2.2,-2.0, 
30-apr-2008,0,2.200,0,12.6,0,7.2,4.6, 
01-may-2008,0,1.200,0,12.1,0,6.0,2.5, 
02-may-2008,0,9.600,0,15.3,0,5.6,1.5, 
03-may-2008,0,4.600,0,17.5,0,10.4,8.8, 
04-may-2008,0,0.000,0,16.0,0,11.4,9.1, 
05-may-2008,0,0.000,0,18.8,0,10.9,6.6, 
06-may-2008,0,0.000,0,22.1,0,12.3,8.3, 
07-may-2008,0,1.600,0,23.0,0,13.0,8.4, 
08-may-2008,0,3.500,0,23.2,0,14.0,10.6, 
09-may-2008,0,0.000,0,16.2,0,11.0,11.0, 
10-may-2008,0,0.000,0,17.7,0,9.9,7.5, 
11-may-2008,0,0.000,0,19.4,0,8.8,5.2, 
12-may-2008,0,0.000,0,23.4,0,12.9,10.2, 
13-may-2008,0,0.000,0,22.7,0,14.1,10.1, 
14-may-2008,0,0.000,0,21.9,0,11.5,8.9, 
15-may-2008,0,0.000,0,20.5,0,8.4,4.5, 
16-may-2008,0,0.000,0,19.6,0,10.7,6.3, 
17-may-2008,0,0.000,0,16.3,0,11.2,6.5, 
18-may-2008,0,5.700,0,16.0,0,8.6,5.2, 
19-may-2008,0,1.700,0,17.2,0,9.9,7.6, 
20-may-2008,0,3.800,0,16.2,0,9.5,5.9, 
21-may-2008,0,21.400,0,14.0,0,11.0,9.1, 
22-may-2008,0,1.700,0,16.8,0,11.5,11.0, 
23-may-2008,0,26.900,0,16.1,0,10.7,7.0, 
24-may-2008,0,0.000,0,19.5,0,11.6,8.6, 
25-may-2008,0,0.000,0,19.5,0,9.6,5.3, 
26-may-2008,0,0.000,0,19.1,0,10.9,8.1, 
27-may-2008,0,0.000,0,17.4,0,10.0,6.0, 
28-may-2008,0,0.000,0,17.3,0,11.0,10.6, 
29-may-2008,0,4.900,0,18.6,0,7.5,3.1, 
30-may-2008,0,0.300,0,18.9,0,9.9,6.2, 
31-may-2008,0,1.400,0,21.2,0,11.9,10.1, 
01-jun-2008,0,0.000,0,23.0,0,10.9,6.1, 
02-jun-2008,0,2.000,0,19.0,0,11.0,7.6, 
03-jun-2008,0,23.600,0,16.3,0,10.4,7.0, 
04-jun-2008,0,1.200,0,15.2,0,9.5,8.8, 
05-jun-2008,0,2.800,0,16.2,0,7.3,3.0, 
06-jun-2008,0,0.000,0,16.4,0,6.7,3.0, 
07-jun-2008,0,1.000,0,16.8,0,7.3,3.4, 
08-jun-2008,0,0.000,0,20.7,0,13.4,12.4, 
09-jun-2008,0,0.000,0,18.4,0,15.0,14.2, 
10-jun-2008,0,0.000,0,17.2,0,12.3,9.9, 
11-jun-2008,0,7.500,0,13.8,0,12.6,12.1, 
12-jun-2008,0,4.400,0,15.1,0,10.4,7.9, 
13-jun-2008,0,0.600,0,16.0,0,9.7,5.4, 
14-jun-2008,0,0.000,0,16.4,0,8.2,4.5, 
15-jun-2008,0,0.200,0,15.4,0,7.6,3.6, 
16-jun-2008,0,4.400,0,14.5,0,9.6,6.4, 
17-jun-2008,0,3.200,0,14.8,0,11.3,9.5, 
18-jun-2008,0,0.600,0,15.5,0,11.2,8.5, 
19-jun-2008,0,1.000,0,15.6,0,12.0,8.2, 
20-jun-2008,0,1.700,0,16.4,0,9.0,5.4, 
21-jun-2008,0,56.200,0,13.1,0,9.9,6.0, 
22-jun-2008,0,5.200,0,14.1,0,10.6,9.8, 
23-jun-2008,0,3.200,0,17.7,0,8.4,4.9, 
24-jun-2008,0,32.100,0,14.7,0,12.2,11.0, 
25-jun-2008,0,7.000,0,15.9,0,12.6,11.5, 
26-jun-2008,0,8.300,0,15.4,0,11.6,9.9, 
27-jun-2008,0,2.800,0,15.9,0,11.3,8.2, 
28-jun-2008,0,0.500,0,15.8,0,14.4,12.9, 
29-jun-2008,0,1.300,0,17.0,0,12.1,9.7, 
30-jun-2008,0,48.700,0,16.7,0,13.0,9.6, 
01-jul-2008,0,15.500,0,16.7,0,13.6,12.6, 
02-jul-2008,0,0.100,0,16.7,0,12.0,10.0, 
03-jul-2008,0,0.600,0,16.7,0,8.3,4.8, 
04-jul-2008,0,10.200,0,17.8,0,7.0,3.0, 
05-jul-2008,0,1.200,0,17.9,0,12.2,10.8, 
06-jul-2008,0,2.700,0,15.6,0,13.2,12.0, 
07-jul-2008,0,0.100,0,16.4,0,11.7,11.0, 
08-jul-2008,0,0.400,2,18.5,0,12.0,8.1, 
09-jul-2008,0,22.100,0,17.9,0,11.5,9.5, 
10-jul-2008,0,0.800,0,15.8,0,13.2,12.5, 
11-jul-2008,0,1.400,0,16.2,0,11.2,9.2, 
12-jul-2008,0,0.200,0,17.3,0,11.6,10.6, 
13-jul-2008,0,2.500,0,16.3,0,7.5,5.0, 
14-jul-2008,0,5.700,0,20.4,0,14.0,14.2, 
15-jul-2008,0,0.300,0,17.1,0,13.6,13.5, 
16-jul-2008,0,1.300,0,16.0,0,13.7,12.1, 
17-jul-2008,0,7.100,0,15.9,0,13.1,12.2, 
18-jul-2008,0,6.900,0,16.2,0,14.1,13.4, 
19-jul-2008,0,1.000,0,17.5,0,12.7,11.1, 
20-jul-2008,0,0.500,0,17.1,0,11.2,7.9, 
21-jul-2008,0,12.600,0,17.9,0,8.9,5.7, 
22-jul-2008,0,0.100,0,17.4,0,14.1,14.0, 
23-jul-2008,0,0.000,0,21.7,0,14.2,13.1, 
24-jul-2008,0,0.000,0,24.4,0,15.6,13.6, 
25-jul-2008,0,0.000,0,20.1,0,17.1,14.1, 
26-jul-2008,0,0.000,0,20.7,0,12.9,9.1, 
27-jul-2008,0,0.000,0,19.9,0,15.0,10.4, 
28-jul-2008,0,1.300,0,21.0,0,15.0,13.1, 
29-jul-2008,0,14.000,0,21.8,0,15.2,12.9, 
30-jul-2008,0,0.200,0,19.7,0,13.8,13.3, 
31-jul-2008,0,8.800,0,19.6,0,10.5,8.2, 
01-aug-2008,0,9.200,0,16.6,2,14.5,11.5, 
02-aug-2008,0,9.000,0,16.0,2,13.2,11.6, 
03-aug-2008,0,7.500,0,16.2,2,13.1,12.2, 
04-aug-2008,0,0.700,0,16.0,2,13.0,12.1, 
05-aug-2008,0,5.500,0,18.1,0,14.1,13.5, 
06-aug-2008,0,6.200,0,20.7,0,15.1,14.0, 
07-aug-2008,0,0.100,0,17.9,0,14.0,6.5, 
08-aug-2008,0,14.000,0,17.9,0,8.4,6.6, 
09-aug-2008,0,12.500,0,17.6,0,13.2,11.8, 
10-aug-2008,0,18.500,0,17.5,2,12.6,11.1, 
11-aug-2008,0,31.700,0,18.2,0,11.0,12.0, 
12-aug-2008,0,7.500,0,15.8,0,10.6,10.6, 
13-aug-2008,0,64.700,0,14.3,0,12.4,11.2, 
14-aug-2008,0,6.400,0,17.0,0,12.0,11.3, 
15-aug-2008,0,31.000,0,15.0,0,11.2,8.5, 
16-aug-2008,0,65.500,0,15.0,0,12.0,7.5, 
17-aug-2008,0,9.500,0,16.7,0,11.0,10.0, 
18-aug-2008,0,6.700,0,16.5,0,11.5,9.0, 
19-aug-2008,0,2.800,0,17.5,0,11.6,9.6, 
20-aug-2008,0,4.800,0,17.0,0,13.6,12.2, 
21-aug-2008,0,1.000,0,17.9,0,13.0,13.0, 
22-aug-2008,0,3.000,0,16.9,0,12.6,10.5, 
23-aug-2008,0,10.200,0,17.7,0,13.0,10.5, 
24-aug-2008,0,5.500,0,16.1,0,13.0,11.0, 
25-aug-2008,0,14.800,0,16.7,0,14.0,13.8, 
26-aug-2008,0,14.800,0,16.0,0,14.4,12.0, 
27-aug-2008,0,6.800,0,16.2,0,15.1,14.3, 
28-aug-2008,0,0.000,0,16.5,0,15.1,14.4, 
29-aug-2008,0,3.300,0,18.8,0,14.0,13.0, 
30-aug-2008,0,3.900,0,16.7,0,14.4,12.2, 
31-aug-2008,0,13.700,0,16.7,0,10.6,8.8, 
01-sep-2008,0,14.100,0,16.6,0,10.8,8.1, 
02-sep-2008,0,20.500,0,15.4,0,11.1,9.1, 
03-sep-2008,0,9.200,0,15.4,0,9.9,8.2, 
04-sep-2008,0,0.000,0,17.7,0,7.7,4.1, 
05-sep-2008,0,10.300,0,15.4,0,10.5,9.0, 
06-sep-2008,0,0.000,0,17.3,0,12.4,10.6, 
07-sep-2008,0,0.000,0,14.9,0,10.4,6.6, 
08-sep-2008,0,11.300,0,17.3,0,10.3,7.5, 
09-sep-2008,0,20.400,0,15.2,0,13.2,12.0, 
10-sep-2008,0,47.800,0,16.8,0,11.5,8.9, 
11-sep-2008,0,16.600,0,15.5,0,12.7,11.7, 
12-sep-2008,0,1.400,0,16.1,0,12.0,9.4, 
13-sep-2008,0,12.500,0,15.9,0,8.4,4.5, 
14-sep-2008,0,28.100,0,16.0,0,13.5,12.6, 
15-sep-2008,0,0.200,0,16.4,0,12.5,10.7, 
16-sep-2008,0,0.000,0,17.4,0,12.2,10.0, 
17-sep-2008,0,0.000,0,16.7,2,9.6,7.5, 
18-sep-2008,0,6.100,0,15.2,2,10.6,9.5, 
19-sep-2008,0,0.700,0,15.6,0,12.5,11.7, 
20-sep-2008,0,0.000,0,17.8,0,13.9,12.6, 
21-sep-2008,0,0.800,0,15.7,0,12.0,7.3, 
22-sep-2008,0,0.000,0,15.9,0,9.4,4.7, 
23-sep-2008,0,0.000,0,16.6,0,5.9,2.1, 
24-sep-2008,0,0.000,0,17.7,0,6.2,1.4, 
25-sep-2008,0,0.000,0,18.0,0,7.9,3.6, 
26-sep-2008,0,0.000,0,17.2,0,10.0,6.1, 
27-sep-2008,0,0.400,0,16.1,0,11.6,7.0, 
28-sep-2008,0,4.300,0,14.9,0,5.1,0.6, 
29-sep-2008,0,28.300,0,14.2,0,9.4,8.3, 
30-sep-2008,0,35.700,0,14.3,0,12.6,11.0, 
01-oct-2008,0,11.700,0,11.8,0,8.5,5.7, 
02-oct-2008,0,9.100,0,11.7,0,7.3,3.9, 
03-oct-2008,0,6.100,0,14.0,0,6.2,2.3, 
04-oct-2008,0,25.300,0,15.2,0,8.3,6.2, 
05-oct-2008,0,6.200,0,13.9,0,8.2,4.7, 
06-oct-2008,0,28.000,0,15.4,0,6.1,1.2, 
07-oct-2008,0,0.700,0,13.7,0,11.4,9.4, 
08-oct-2008,0,0.500,0,15.5,0,10.5,7.1, 
09-oct-2008,0,82.500,0,16.1,0,10.5,5.4, 
10-oct-2008,0,6.400,0,15.7,0,12.6,11.5, 
11-oct-2008,0,0.000,0,15.1,0,11.7,8.9, 
12-oct-2008,0,1.700,0,14.6,0,5.9,1.6, 
13-oct-2008,0,2.700,0,15.2,0,11.4,10.5, 
14-oct-2008,0,0.700,0,13.5,0,5.2,1.0, 
15-oct-2008,0,9.100,0,12.9,0,8.0,3.6, 
16-oct-2008,0,1.400,0,12.8,0,9.1,5.7, 
17-oct-2008,0,4.000,0,12.3,0,8.9,4.9, 
18-oct-2008,0,20.900,0,13.4,0,9.9,6.9, 
19-oct-2008,0,16.500,0,14.7,0,11.2,10.4, 
20-oct-2008,0,22.900,0,12.8,0,11.1,8.5, 
21-oct-2008,0,10.800,0,11.5,0,6.5,1.0, 
22-oct-2008,0,42.400,0,14.0,0,7.5,5.1, 
23-oct-2008,0,18.700,0,15.9,0,10.9,9.1, 
24-oct-2008,0,36.100,0,13.3,0,7.7,3.9, 
25-oct-2008,0,21.200,0,15.2,0,9.3,6.5, 
26-oct-2008,0,6.900,0,10.9,0,9.4,6.4, 
27-oct-2008,0,11.400,0,9.4,0,5.1,1.2, 
28-oct-2008,0,11.400,2,7.5,0,5.8,2.7, 
29-oct-2008,0,21.600,0,11.0,0,2.9,-0.6, 
30-oct-2008,0,2.600,0,11.0,0,5.6,2.5, 
31-oct-2008,0,1.200,0,9.5,0,5.7,2.5, 
01-nov-2008,0,0.000,0,9.9,0,4.9,0.5, 
02-nov-2008,0,1.000,0,11.4,0,5.1,0.6, 
03-nov-2008,0,0.100,0,11.2,0,8.1,6.4, 
04-nov-2008,0,0.000,0,10.0,0,8.2,4.8, 
05-nov-2008,0,0.000,0,10.9,0,7.9,7.0, 
06-nov-2008,0,17.800,0,11.3,0,7.8,3.9, 
07-nov-2008,0,13.400,0,10.0,0,6.5,4.0, 
08-nov-2008,0,36.100,0,11.8,0,5.9,4.8, 
09-nov-2008,0,12.400,0,8.4,0,4.5,0.9, 
10-nov-2008,0,12.800,0,10.6,0,3.8,0.7, 
11-nov-2008,0,1.900,0,11.2,0,6.8,4.0, 
12-nov-2008,0,24.100,0,12.5,0,5.0,1.5, 
13-nov-2008,0,10.300,0,13.0,0,6.4,6.6, 
14-nov-2008,0,4.300,0,13.5,0,11.8,10.5, 
15-nov-2008,0,10.300,0,11.7,0,9.6,8.0, 
16-nov-2008,0,12.000,0,12.3,0,7.9,8.0, 
17-nov-2008,0,10.500,0,12.4,0,9.1,8.9, 
18-nov-2008,0,0.200,0,11.5,0,9.3,7.9, 
19-nov-2008,0,3.000,0,13.8,0,9.5,6.0, 
20-nov-2008,0,3.400,0,13.8,0,9.9,8.4, 
21-nov-2008,0,1.400,0,11.8,0,9.5,8.9, 
22-nov-2008,0,13.100,0,12.4,0,8.9,8.0, 
23-nov-2008,0,5.900,0,9.0,0,7.6,6.1, 
24-nov-2008,0,1.900,0,9.4,0,5.4,3.1, 
25-nov-2008,0,3.000,0,12.2,0,6.9,3.3, 
26-nov-2008,0,15.400,0,12.3,0,7.5,5.6, 
27-nov-2008,0,6.400,0,8.4,0,6.1,0.5, 
28-nov-2008,0,3.400,0,5.5,0,0.8,-1.4, 
29-nov-2008,0,8.000,0,5.2,0,1.6,-1.4, 
30-nov-2008,0,3.400,0,6.1,0,2.8,0.0, 
01-dec-2008,0,7.300,0,8.2,0,3.1,-0.9, 
02-dec-2008,0,2.100,0,6.6,0,4.1,0.2, 
03-dec-2008,0,31.500,0,10.2,1,-0.4,-5.6, 
04-dec-2008,0,30.900,0,9.4,0,0.5,-2.9, 
05-dec-2008,0,5.500,0,9.7,0,5.1,1.6, 
06-dec-2008,0,0.200,0,9.8,0,0.9,-4.1, 
07-dec-2008,0,14.400,0,10.7,0,0.5,-5.4, 
08-dec-2008,0,2.400,0,7.8,0,6.4,4.2, 
09-dec-2008,0,2.500,0,8.2,0,5.3,1.4, 
10-dec-2008,0,2.500,0,8.9,0,6.8,4.8, 
11-dec-2008,0,25.500,0,10.0,0,6.6,5.4, 
12-dec-2008,0,37.400,0,11.7,0,5.5,2.2, 
13-dec-2008,0,4.800,0,4.4,0,2.7,-0.9, 
14-dec-2008,0,2.100,0,6.8,0,1.3,-3.1, 
15-dec-2008,0,18.600,0,12.1,0,1.2,-3.3, 
16-dec-2008,0,2.900,0,10.5,0,6.8,5.9, 
17-dec-2008,0,1.800,0,12.4,0,6.1,1.6, 
18-dec-2008,0,8.400,0,11.7,0,8.2,6.0, 
19-dec-2008,0,3.600,0,12.7,0,5.4,0.7, 
20-dec-2008,0,5.500,0,13.0,0,8.4,7.4, 
21-dec-2008,0,3.300,0,13.1,0,11.6,10.3, 
22-dec-2008,0,0.600,0,10.7,0,10.5,8.3, 
23-dec-2008,4,0.000,0,10.3,0,7.4,3.1, 
24-dec-2008,0,0.000,0,9.1,0,8.1,5.1, 
25-dec-2008,0,0.000,0,8.4,0,7.9,5.5, 
26-dec-2008,0,0.000,0,6.7,0,5.6,3.9, 
27-dec-2008,0,0.000,0,6.0,0,1.8,-3.4, 
28-dec-2008,0,0.000,0,7.8,0,1.8,-3.0, 
29-dec-2008,0,0.000,0,6.8,0,2.3,-2.2, 
30-dec-2008,0,0.100,0,7.9,0,2.6,0.4, 
31-dec-2008,0,0.000,0,10.8,0,4.8,3.4, 
01-jan-2009,0,0.000,2,6.6,0,4.9,1.2, 
02-jan-2009,0,0.000,0,4.8,0,0.2,-4.6, 
03-jan-2009,0,1.100,0,5.7,0,1.4,-1.9, 
04-jan-2009,0,5.000,0,8.8,0,1.4,0.4, 
05-jan-2009,0,0.000,0,8.8,0,2.7,-1.4, 
06-jan-2009,0,0.000,0,3.7,1,-2.6,-8.0, 
07-jan-2009,0,0.000,0,6.1,1,-2.5,-7.3, 
08-jan-2009,0,0.000,0,7.7,0,0.5,-1.6, 
09-jan-2009,0,7.500,0,9.3,0,5.6,3.4, 
10-jan-2009,0,66.500,0,12.6,0,5.6,2.6, 
11-jan-2009,0,6.500,0,12.8,0,8.1,6.9, 
12-jan-2009,0,4.300,0,13.0,0,8.0,4.5, 
13-jan-2009,0,17.900,0,10.1,0,7.7,4.2, 
14-jan-2009,0,32.500,0,11.9,0,0.6,-1.4, 
15-jan-2009,0,21.500,0,10.5,0,7.7,6.3, 
16-jan-2009,0,10.200,0,10.0,0,6.4,3.0, 
17-jan-2009,0,32.500,0,9.1,0,5.4,1.6, 
18-jan-2009,0,20.100,0,7.0,0,2.3,0.2, 
19-jan-2009,0,14.000,0,7.9,0,1.6,-1.6, 
20-jan-2009,0,14.600,0,7.0,0,1.5,0.0, 
21-jan-2009,0,29.000,0,11.4,0,2.7,-1.5, 
22-jan-2009,0,8.100,0,11.5,0,4.7,1.2, 
23-jan-2009,0,3.900,0,8.0,0,3.0,0.2, 
24-jan-2009,0,9.500,0,8.4,0,2.6,-1.4, 
25-jan-2009,0,3.900,0,8.4,2,2.9,-1.9, 
26-jan-2009,0,7.500,0,10.1,2,3.4,-1.1, 
27-jan-2009,0,0.100,0,10.0,0,3.1,-1.0, 
28-jan-2009,0,3.000,0,10.1,0,3.8,-1.5, 
29-jan-2009,0,13.400,0,12.2,0,7.6,4.6, 
30-jan-2009,0,5.800,0,10.2,0,9.1,7.2, 
31-jan-2009,0,1.900,0,8.3,0,5.9,4.0, 
01-feb-2009,4,0.000,0,5.8,0,5.1,1.2, 
02-feb-2009,0,5.000,0,4.6,0,0.6,-3.4, 
03-feb-2009,0,11.500,0,4.6,0,1.2,-2.6, 
04-feb-2009,0,1.300,0,6.1,0,1.4,-1.5, 
05-feb-2009,0,0.800,0,5.0,0,2.1,-1.5, 
06-feb-2009,0,0.800,0,6.4,0,1.0,-4.0, 
07-feb-2009,0,1.200,0,6.9,0,2.0,-1.2, 
08-feb-2009,0,4.500,0,8.5,1,-0.5,-5.3, 
09-feb-2009,0,8.800,0,7.4,1,-0.5,-5.2, 
10-feb-2009,0,5.500,0,8.2,0,0.0,-2.1, 
11-feb-2009,0,2.200,0,9.9,0,2.4,-1.6, 
12-feb-2009,0,2.200,0,11.7,0,5.7,4.5, 
13-feb-2009,0,2.000,0,9.7,0,6.6,5.1, 
14-feb-2009,0,2.200,0,9.9,0,5.6,1.9, 
15-feb-2009,0,0.200,0,11.1,0,8.0,7.0, 
16-feb-2009,0,0.000,0,11.1,0,7.6,4.6, 
17-feb-2009,0,0.000,0,10.4,0,6.0,0.0, 
18-feb-2009,0,5.500,0,8.9,0,8.1,6.0, 
19-feb-2009,0,0.000,0,10.6,0,7.1,4.5, 
20-feb-2009,0,0.000,0,10.1,0,0.5,-4.3, 
21-feb-2009,0,6.600,0,11.5,0,7.0,5.6, 
22-feb-2009,0,1.000,0,10.7,0,8.1,5.9, 
23-feb-2009,0,0.200,0,10.7,0,8.5,5.5, 
24-feb-2009,0,1.800,0,9.8,0,6.6,5.7, 
25-feb-2009,0,0.500,0,11.1,0,7.2,5.2, 
26-feb-2009,0,1.600,0,11.1,0,6.9,3.5, 
27-feb-2009,0,9.900,0,10.2,0,8.6,7.1, 
28-feb-2009,0,10.700,0,9.4,0,7.9,7.2, 
01-mar-2009,0,3.200,0,9.8,0,5.2,3.2, 
02-mar-2009,0,6.700,0,10.8,0,6.4,4.0, 
03-mar-2009,0,20.200,0,6.4,0,5.3,2.9, 
04-mar-2009,0,4.300,0,6.7,0,1.3,-0.1, 
05-mar-2009,0,2.600,0,9.7,0,2.4,0.3, 
06-mar-2009,0,5.800,0,11.7,0,2.2,-0.9, 
07-mar-2009,0,10.500,0,11.9,0,7.2,5.6, 
08-mar-2009,0,5.500,0,7.7,0,2.5,-0.1, 
09-mar-2009,0,19.000,0,10.3,0,3.8,1.6, 
10-mar-2009,0,0.000,0,12.0,0,6.5,5.7, 
11-mar-2009,0,15.600,0,11.7,0,7.8,7.6, 
12-mar-2009,0,1.400,0,11.7,0,8.3,4.5, 
13-mar-2009,0,7.900,0,10.9,0,4.1,-1.1, 
14-mar-2009,0,0.300,0,10.7,0,8.4,4.7, 
15-mar-2009,0,2.000,0,10.7,0,8.8,5.5, 
16-mar-2009,0,4.300,0,9.7,0,8.5,6.5, 
17-mar-2009,4,0.000,0,16.2,0,8.3,5.8, 
18-mar-2009,0,0.000,0,18.4,0,6.5,2.1, 
19-mar-2009,0,0.000,0,17.9,0,4.5,0.9, 
20-mar-2009,0,0.900,0,15.9,0,4.5,3.0, 
21-mar-2009,0,0.200,0,15.9,0,6.6,1.9, 
22-mar-2009,0,0.200,0,11.7,0,6.6,4.4, 
23-mar-2009,0,2.500,0,11.0,0,9.8,7.2, 
24-mar-2009,0,5.200,0,11.6,0,5.7,2.6, 
25-mar-2009,0,9.800,0,11.3,0,8.0,5.0, 
26-mar-2009,0,4.500,0,11.3,0,6.5,4.5, 
27-mar-2009,0,7.700,0,9.3,0,4.6,1.9, 
28-mar-2009,0,5.000,0,8.4,0,4.4,2.4, 
29-mar-2009,0,4.300,0,11.0,0,3.2,0.8, 
30-mar-2009,0,0.300,0,14.3,0,6.7,5.5, 
31-mar-2009,0,0.000,0,13.8,0,9.2,7.3, 
01-apr-2009,0,0.000,0,12.4,0,8.1,6.8, 
02-apr-2009,0,1.300,0,15.0,0,6.5,1.7, 
03-apr-2009,0,11.500,0,12.4,0,8.5,3.7, 
04-apr-2009,0,0.100,0,11.5,0,7.1,4.6, 
05-apr-2009,0,7.200,0,11.6,0,7.6,6.0, 
06-apr-2009,0,14.300,0,9.7,0,6.9,5.4, 
07-apr-2009,0,23.000,0,10.2,0,6.6,5.5, 
08-apr-2009,0,17.800,0,12.9,0,6.6,4.4, 
09-apr-2009,0,12.800,0,9.9,0,8.0,5.5, 
10-apr-2009,0,6.900,0,10.1,0,5.0,1.9, 
11-apr-2009,0,0.000,0,12.5,0,5.5,3.0, 
12-apr-2009,0,4.900,0,13.6,0,1.2,-2.8, 
13-apr-2009,0,1.100,0,14.4,0,8.3,7.1, 
14-apr-2009,0,2.200,0,14.1,0,7.3,3.1, 
15-apr-2009,0,1.100,0,12.4,0,7.0,4.0, 
16-apr-2009,0,0.100,0,16.7,0,10.0,8.9, 
17-apr-2009,0,0.000,0,12.5,0,8.8,7.6, 
18-apr-2009,0,0.000,0,16.9,0,9.0,6.2, 
19-apr-2009,0,1.500,0,15.9,0,6.0,2.7, 
20-apr-2009,0,3.300,0,13.7,0,10.7,7.6, 
21-apr-2009,0,0.000,0,14.4,0,9.1,7.0, 
22-apr-2009,0,16.200,0,13.2,0,5.5,1.0, 
23-apr-2009,0,3.900,0,12.5,0,7.6,4.4, 
24-apr-2009,0,0.500,0,12.6,0,6.7,6.7, 
25-apr-2009,0,2.900,0,10.6,0,4.0,3.2, 
26-apr-2009,0,24.600,0,11.1,0,7.0,3.8, 
27-apr-2009,0,4.300,0,12.2,0,6.5,3.9, 
28-apr-2009,0,0.000,0,13.6,0,5.9,1.2, 
29-apr-2009,0,10.400,0,12.3,0,5.7,2.0, 
30-apr-2009,0,17.000,0,13.9,0,5.7,3.8, 
01-may-2009,0,0.000,0,13.2,0,8.9,7.5, 
02-may-2009,0,5.500,0,14.1,0,5.5,1.0, 
03-may-2009,0,13.000,0,13.6,0,6.9,3.8, 
04-may-2009,0,5.100,0,12.4,0,8.9,7.5, 
05-may-2009,0,6.000,0,12.7,0,10.4,9.4, 
06-may-2009,0,13.500,0,12.7,0,11.4,10.5, 
07-may-2009,0,11.100,0,10.8,0,7.0,4.1, 
08-may-2009,0,11.700,0,12.2,0,6.7,4.9, 
09-may-2009,0,0.400,0,12.1,0,5.5,4.8, 
10-may-2009,0,0.000,0,16.4,0,2.2,-1.4, 
11-may-2009,0,0.000,0,17.7,0,5.9,1.3, 
12-may-2009,0,0.000,0,17.2,0,7.5,4.3, 
13-may-2009,0,0.600,0,14.9,0,9.5,6.0, 
14-may-2009,0,13.700,0,12.6,0,10.4,9.4, 
15-may-2009,0,9.900,0,11.2,0,9.6,9.4, 
16-may-2009,0,27.800,0,11.3,0,4.6,1.4, 
17-may-2009,0,3.200,0,11.4,0,7.4,5.4, 
18-may-2009,0,0.000,0,14.0,0,7.0,3.9, 
19-may-2009,0,1.700,0,14.9,0,5.0,1.2, 
20-may-2009,0,2.700,0,14.4,0,5.2,1.2, 
21-may-2009,0,5.000,0,13.8,0,8.6,5.5, 
22-may-2009,0,18.900,0,16.7,0,9.8,9.0, 
23-may-2009,0,0.000,0,13.7,0,8.7,8.5, 
24-may-2009,0,10.800,0,12.7,0,8.7,8.1, 
25-may-2009,0,3.500,0,14.0,0,11.1,10.2, 
26-may-2009,0,11.900,0,13.2,0,8.0,5.5, 
27-may-2009,0,7.800,0,13.7,0,9.2,8.5, 
28-may-2009,0,0.000,0,15.7,0,12.1,11.3, 
29-may-2009,0,0.000,0,21.4,0,12.0,9.8, 
30-may-2009,0,0.000,0,19.1,0,15.1,12.2, 
31-may-2009,0,0.000,0,23.2,0,11.4,8.3, 
01-jun-2009,0,0.000,0,24.5,0,12.7,8.3, 
02-jun-2009,0,0.000,0,26.5,0,12.0,8.5, 
03-jun-2009,0,0.000,0,24.1,0,13.3,9.2, 
04-jun-2009,0,0.000,0,21.9,0,11.4,7.5, 
05-jun-2009,0,2.000,0,15.2,0,10.1,7.6, 
06-jun-2009,0,0.300,0,14.6,0,8.7,7.0, 
07-jun-2009,0,2.000,0,16.4,0,8.8,4.9, 
08-jun-2009,0,0.500,0,17.3,0,8.1,4.5, 
09-jun-2009,0,12.400,0,16.8,0,8.1,4.1, 
10-jun-2009,0,0.000,0,16.4,0,9.5,7.7, 
11-jun-2009,0,0.900,0,17.2,0,8.0,4.5, 
12-jun-2009,0,4.600,0,18.4,0,10.5, , 
13-jun-2009,0,39.600,0,15.7,0,12.5, , 
14-jun-2009,0,0.000,0,18.1,0,11.9, , 
15-jun-2009,0,2.000,0,19.3,0,8.6, , 
16-jun-2009,0,18.600,0,18.4,0,9.0, , 
17-jun-2009,0,3.100,0,15.2,0,11.3, , 
18-jun-2009,0,10.300,0,14.6,0,10.6, , 
19-jun-2009,0,0.300,0,14.3,0,11.0, , 
20-jun-2009,0,1.300,0,16.7,0,12.6,10.0, 
21-jun-2009,0,0.000,0,17.6,0,13.5,13.1, 
22-jun-2009,0,0.000,0,22.8,0,13.1,11.5, 
23-jun-2009,0,8.300,0,24.1,0,14.5,12.6, 
24-jun-2009,0,0.000,0,23.1,0,15.5,12.8, 
25-jun-2009,0,2.700,0,23.2,0,11.1,8.6, 
26-jun-2009,0,13.700,0,22.1,0,14.9,14.1, 
27-jun-2009,0,0.000,0,23.1,0,11.5,9.4, 
28-jun-2009,0,4.700,0,20.1,0,15.1,12.9, 
29-jun-2009,0,2.200,0,22.5,0,11.4,8.7, 
30-jun-2009,0,3.800,0,18.6,0,14.6,12.3, 
01-jul-2009,0,3.300,0,20.0,0,10.1,8.1, 
02-jul-2009,0,37.200,0,20.7,0,16.1,15.3, 
03-jul-2009,0,6.900,0,19.0,0,14.7,13.1, 
04-jul-2009,0,2.300,0,18.9,0,13.9,13.0, 
05-jul-2009,0,4.400,0,20.0,0,13.4,11.4, 
06-jul-2009,0,0.900,0,18.5,0,13.7,13.0, 
07-jul-2009,0,0.000,0,18.6,0,14.4,13.4, 
08-jul-2009,0,0.000,0,16.1,0,13.1,12.0, 
09-jul-2009,0,1.000,0,18.7,0,12.4,10.9, 
10-jul-2009,0,3.000,0,17.5,0,8.8,5.6, 
11-jul-2009,0,23.300,0,18.2,0,13.2,11.9, 
12-jul-2009,0,7.800,0,17.4,0,13.8,12.6, 
13-jul-2009,0,4.600,0,17.5,0,13.3,11.6, 
14-jul-2009,0,19.400,0,19.4,0,10.6,7.6, 
15-jul-2009,0,0.600,0,18.5,0,12.6,11.7, 
16-jul-2009,0,3.500,0,18.8,0,12.5,10.4, 
17-jul-2009,0,2.000,0,17.8,0,11.6,9.6, 
18-jul-2009,0,6.900,0,16.8,0,12.2,11.5, 
19-jul-2009,0,1.400,0,17.4,0,11.8,11.6, 
20-jul-2009,0,5.600,0,17.3,0,12.9,11.4, 
21-jul-2009,0,5.600,0,18.9,0,13.1,12.0, 
22-jul-2009,0,8.700,0,17.7,0,11.5,8.6, 
23-jul-2009,0,13.900,0,15.3,0,13.4,13.0, 
24-jul-2009,0,0.600,0,18.5,0,10.6,8.4, 
25-jul-2009,0,16.800,0,19.4,0,8.5,5.3, 
26-jul-2009,0,12.100,0,16.1,0,13.9,13.1, 
27-jul-2009,0,13.900,0,17.1,0,12.8,10.9, 
28-jul-2009,0,9.800,0,16.3,0,12.1,11.1, 
29-jul-2009,0,13.300,0,17.4,0,12.1,11.5, 
30-jul-2009,0,9.700,0,17.0,0,9.0,7.6, 
31-jul-2009,0,21.700,0,16.0,0,12.6,11.9, 
01-aug-2009,0,1.800,0,15.3,0,13.0,12.1, 
02-aug-2009,0,11.500,0,15.8,0,10.9,8.4, 
03-aug-2009,0,5.700,0,16.4,0,13.8,13.2, 
04-aug-2009,0,6.700,0,16.6,0,12.8,12.6, 
05-aug-2009,0,11.500,0,17.3,0,13.9,12.9, 
06-aug-2009,0,3.800,0,16.8,0,12.5,11.9, 
07-aug-2009,0,16.600,0,16.9,0,11.6,9.4, 
08-aug-2009,0,0.300,0,18.4,0,13.4,13.3, 
09-aug-2009,0,12.600,0,16.1,0,12.7,11.6, 
10-aug-2009,0,0.200,0,18.6,0,13.7,13.0, 
11-aug-2009,0,14.200,0,16.5,0,13.5,12.7, 
12-aug-2009,0,0.200,0,16.4,0,14.1,13.2, 
13-aug-2009,0,18.600,0,17.3,0,12.2,12.1, 
14-aug-2009,0,29.500,0,17.2,0,13.1,12.4, 
15-aug-2009,0,0.500,0,17.3,0,13.1,13.2, 
16-aug-2009,0,8.000,0,15.8,0,14.5,13.9, 
17-aug-2009,0,7.000,0,16.7,0,13.5,12.9, 
18-aug-2009,0,37.900,0,17.9,0,14.5,13.8, 
19-aug-2009,0,15.000,0,16.3,0,15.0,14.9, 
20-aug-2009,0,7.200,0,16.2,0,13.5,14.2, 
21-aug-2009,0,1.200,0,16.6,0,14.1,14.1, 
22-aug-2009,0,43.200,0,16.6,0,13.9,13.0, 
23-aug-2009,0,7.700,0,16.2,0,13.6,13.2, 
24-aug-2009,0,5.800,0,16.3,0,11.4,9.1, 
25-aug-2009,0,26.300,0,16.7,0,11.3,9.0, 
26-aug-2009,0,1.500,0,16.2,0,12.7,11.9, 
27-aug-2009,0,22.400,0,16.6,0,11.4,9.9, 
28-aug-2009,0,1.100,0,16.4,0,11.1,10.0, 
29-aug-2009,0,3.900,0,17.4,0,13.1,11.5, 
30-aug-2009,0,41.300,0,16.7,0,12.9,11.4, 
31-aug-2009,0,14.300,0,15.6,0,12.4,12.6, 
01-sep-2009,0,6.700,0,15.8,0,11.4,9.3, 
02-sep-2009,0,16.400,0,15.3,0,11.5,11.0, 
03-sep-2009,0,9.000,0,14.9,0,11.2,9.9, 
04-sep-2009,0,2.500,0,15.0,0,10.6,9.0, 
05-sep-2009,0,4.500,0,15.5,0,12.4,11.1, 
06-sep-2009,0,18.200,0,16.2,0,12.1,11.6, 
07-sep-2009,0,36.400,0,17.6,0,12.3,11.9, 
08-sep-2009,0,0.300,0,15.4,0,13.7,13.0, 
09-sep-2009,0,0.000,0,16.6,0,11.1,8.0, 
10-sep-2009,0,0.000,0,19.6,0,6.6,2.9, 
11-sep-2009,0,0.000,0,21.2,0,8.6,4.5, 
12-sep-2009,0,0.000,0,20.9,0,7.2,3.4, 
13-sep-2009,0,0.000,0,21.9,0,7.6,4.0, 
14-sep-2009,0,0.000,0,21.2,0,9.7,7.0, 
15-sep-2009,0,0.000,0,15.8,0,12.5,11.1, 
16-sep-2009,0,0.000,0,18.1,0,11.6,9.6, 
17-sep-2009,0,0.000,0,18.4,0,6.7,3.3, 
18-sep-2009,0,6.600,0,16.4,0,12.0,10.2, 
19-sep-2009,0,0.400,0,16.2,0,11.5,9.1, 
20-sep-2009,0,9.700,0,15.1,0,8.6,5.8, 
21-sep-2009,0,7.900,0,16.2,0,12.7,12.0, 
22-sep-2009,0,1.900,0,15.2,0,12.3,11.5, 
23-sep-2009,0,0.500,0,16.2,0,11.7,9.1, 
24-sep-2009,0,0.000,0,15.4,0,11.9,10.6, 
25-sep-2009,0,1.100,0,15.9,0,13.5,12.5, 
26-sep-2009,0,0.200,0,16.1,0,13.4,11.7, 
27-sep-2009,0,1.500,0,15.3,0,13.8,12.1, 
28-sep-2009,0,1.200,0,18.2,0,13.5,12.6, 
29-sep-2009,0,0.300,0,14.9,0,13.1,13.0, 
30-sep-2009,0,2.000,0,15.7,0,10.4,8.6, 
01-oct-2009,0,0.300,0,14.6,0,9.6,7.6, 
02-oct-2009,0,7.800,0,15.0,0,11.1,9.7, 
03-oct-2009,0,2.100,0,13.4,0,11.4,11.4, 
04-oct-2009,0,0.400,0,13.8,0,8.4,6.6, 
05-oct-2009,0,0.700,0,15.7,0,8.4,6.8, 
06-oct-2009,0,0.100,0,12.7,0,10.2,9.8, 
07-oct-2009,0,0.200,0,12.8,0,6.7,3.2, 
08-oct-2009,0,3.000,0,15.2,0,4.6,2.4, 
09-oct-2009,0,4.000,0,14.9,0,6.7,6.1, 
10-oct-2009,0,13.200,0,14.5,0,8.3,7.2, 
11-oct-2009,0,0.300,0,14.5,0,12.1,11.6, 
12-oct-2009,0,2.400,0,14.4,0,4.2,1.6, 
13-oct-2009,0,0.500,0,16.4,0,8.0,6.0, 
14-oct-2009,0,0.100,0,18.9,0,9.5,7.2, 
15-oct-2009,0,0.000,0,17.2,0,7.0,4.6, 
16-oct-2009,0,0.000,0,14.2,0,7.1,4.4, 
17-oct-2009,0,3.300,0,14.7,0,5.9,3.0, 
18-oct-2009,0,32.700,0,13.3,0,9.6,8.8, 
19-oct-2009,0,39.200,0,13.6,0,9.7,9.4, 
20-oct-2009,0,10.000,0,13.6,0,10.0,9.0, 
21-oct-2009,0,3.300,0,14.2,0,8.9,6.9, 
22-oct-2009,0,0.700,0,15.4,0,10.9,9.0, 
23-oct-2009,0,23.000,0,15.8,0,8.1,5.7, 
24-oct-2009,0,16.500,0,14.1,2,10.4,9.5, 
25-oct-2009,0,3.000,0,14.2,0,12.1,11.1, 
26-oct-2009,0,20.200,0,16.8,0,7.5,5.5, 
27-oct-2009,0,12.400,0,16.6,0,11.3,10.5, 
28-oct-2009,0,2.700,0,16.3,0,13.0,12.0, 
29-oct-2009,0,28.400,0,17.6,0,13.6,10.6, 
30-oct-2009,0,17.100,0,17.2,0,14.7,12.9, 
31-oct-2009,0,21.800,0,15.6,0,11.4,9.9, 
01-nov-2009,0,10.700,0,12.4,0,7.8,6.7, 
02-nov-2009,0,18.600,0,12.9,0,6.3,5.0, 
03-nov-2009,0,26.000,0,11.4,0,7.0,5.2, 
04-nov-2009,0,15.000,0,11.8,0,7.0,4.7, 
05-nov-2009,0,13.000,0,12.5,0,7.9,5.7, 
06-nov-2009,0,27.600,0,11.9,0,6.7,3.9, 
07-nov-2009,0,10.100,0,10.7,0,4.5,2.1, 
08-nov-2009,0,5.500,0,12.4,0,6.6,2.0, 
09-nov-2009,0,8.600,0,10.7,0,5.4,2.2, 
10-nov-2009,0,0.000,0,11.2,0,6.7,3.1, 
11-nov-2009,0,22.000,0,10.1,0,1.3,-2.6, 
12-nov-2009,0,17.200,0,10.3,0,6.4,4.0, 
13-nov-2009,0,8.300,0,10.9,0,6.1,3.5, 
14-nov-2009,0,2.600,0,11.6,0,5.1,4.7, 
15-nov-2009,0,20.100,0,11.7,0,4.6,1.1, 
16-nov-2009,0,9.300,0,11.0,0,6.4,5.2, 
17-nov-2009,0,28.300,0,9.6,0,6.5,4.3, 
18-nov-2009,0,57.100,0,14.1,0,5.0,4.0, 
19-nov-2009,0,27.200,0,13.6,0,7.0,5.8, 
20-nov-2009,0,14.300,0,13.5,0,6.4,3.6, 
21-nov-2009,0,29.200,0,13.5,0,6.3,2.9, 
22-nov-2009,0,12.100,0,11.1,0,5.9,3.6, 
23-nov-2009,0,21.500,0,13.4,0,8.1,6.2, 
24-nov-2009,0,18.100,0,13.3,0,8.0,6.6, 
25-nov-2009,0,9.400,0,10.4,0,4.8,1.9, 
26-nov-2009,0,14.100,0,8.5,0,5.2,3.1, 
27-nov-2009,0,9.600,0,7.3,0,3.8,1.2, 
28-nov-2009,0,0.200,0,7.2,1,-0.5,-4.4, 
29-nov-2009,0,1.500,0,8.4,1,-1.5,-4.8, 
30-nov-2009,0,7.800,0,7.6,0,2.8,-0.6, 
01-dec-2009,0,18.700,0,10.1,0,0.0,-3.6, 
02-dec-2009,0,7.000,0,9.8,0,5.2,3.4, 
03-dec-2009,0,8.000,0,7.9,0,3.1,0.8, 
04-dec-2009,0,9.400,0,11.4,0,2.5,1.1, 
05-dec-2009,0,31.900,0,12.0,0,1.7,-2.0, 
06-dec-2009,0,21.000,0,9.6,0,7.2,4.5, 
07-dec-2009,0,5.100,0,10.3,0,4.2,3.2, 
08-dec-2009,0,12.000,0,12.2,0,4.5,3.0, 
09-dec-2009,0,1.300,0,10.5,0,6.8,5.4, 
10-dec-2009,0,3.800,0,10.9,0,4.8,1.5, 
11-dec-2009,0,0.000,0,11.1,0,7.3,3.8, 
12-dec-2009,0,0.000,0,8.0,0,6.6,4.3, 
13-dec-2009,0,0.000,0,6.4,0,2.6,-1.5, 
14-dec-2009,0,5.400,0,9.9,1,-1.9,-6.5, 
15-dec-2009,0,0.200,0,9.1,0,1.0,-0.9, 
16-dec-2009,0,1.000,0,8.9,0,4.5,0.6, 
17-dec-2009,4,0.000,0,6.9,0,4.6,-0.2, 
18-dec-2009,0,0.000,0,4.8,1,-1.2,-5.1, 
19-dec-2009,0,7.100,0,8.2,1,-0.5,-4.2, 
20-dec-2009,0,12.700,0,5.2,0,0.1,-3.1, 
21-dec-2009,0,1.500,0,3.0,0,0.5,-1.7, 
22-dec-2009,0,5.200,0,3.1,1,-0.8,-4.5, 
23-dec-2009,0,0.100,0,3.1,1,-1.6,-5.7, 
24-dec-2009,0,0.100,0,5.5,1,-5.0,-8.8, 
25-dec-2009,0,24.800,0,6.0,1,-4.5,-8.2, 
26-dec-2009,0,14.700,0,6.8,0,2.4,-1.5, 
27-dec-2009,0,2.600,0,7.9,0,2.7,-0.2, 
28-dec-2009,0,0.000,0,5.0,1,-2.4,-6.9, 
29-dec-2009,0,14.800,0,3.8,1,-1.2,-5.2, 
30-dec-2009,0,23.200,0,3.9,0,2.0,0.2, 
31-dec-2009,0,0.200,0,4.0,0,1.7,-0.5, 
01-jan-2010,0,0.000,0,2.6,1,-4.0,-7.6, 
02-jan-2010,0,0.900,0,6.7,1,-5.4,-8.9, 
03-jan-2010,0,0.000,0,3.4,1,-5.4,-5.6, 
04-jan-2010,0,4.800,0,4.3,1,-5.4,-9.1, 
05-jan-2010,0,7.300,0,4.2,1,-4.9,-7.6, 
06-jan-2010,0,0.000,0,4.0,0,1.1,-2.9, 
07-jan-2010,0,0.000,0,3.8,1,-4.3,-8.0, 
08-jan-2010,0,0.000,0,3.9,1,-2.4,-6.5, 
09-jan-2010,0,0.000,0,3.5,1,-6.9,-10.1, 
10-jan-2010,0,13.500,0,2.9,1,-6.3,-9.0, 
11-jan-2010,0,4.500,0,5.1,1,-0.4,-2.4, 
12-jan-2010,0,25.500,0,6.0,0,1.6,-1.0, 
13-jan-2010,0,6.800,0,6.4,0,2.1,0.0, 
14-jan-2010,0,10.000,0,9.6,0,0.9,-4.4, 
15-jan-2010,0,31.400,0,12.6,0,0.7,-0.6, 
16-jan-2010,0,6.800,0,8.9,0,6.5,4.6, 
17-jan-2010,0,0.300,0,10.7,0,3.4,1.4, 
18-jan-2010,0,0.100,0,11.2,0,7.9,5.5, 
19-jan-2010,0,31.200,0,8.2,0,6.1,2.4, 
20-jan-2010,0,12.800,0,10.6,0,2.6,-0.4, 
21-jan-2010,0,26.400,0,11.9,0,2.7,-0.6, 
22-jan-2010,0,0.000,0,10.4,0,4.9,1.6, 
23-jan-2010,0,0.300,0,8.0,1,-1.5,-5.4, 
24-jan-2010,0,0.700,0,6.5,1,-2.8,-5.7, 
25-jan-2010,0,0.100,0,8.2,0,0.0,-1.0, 
26-jan-2010,0,0.000,0,10.8,1,-0.8,-2.5, 
27-jan-2010,0,2.500,0,11.8,0,4.2,1.0, 
28-jan-2010,0,14.600,0,10.2,0,6.0,4.6, 
29-jan-2010,0,1.700,0,8.4,0,5.7,3.7, 
30-jan-2010,0,1.100,0,6.4,0,1.7,-1.5, 
31-jan-2010,0,3.000,0,6.7,0,0.9,-2.2, 
01-feb-2010,0,6.900,0,10.0,0,1.0,-2.1, 
02-feb-2010,0,9.000,0,9.7,0,2.4,1.0, 
03-feb-2010,0,1.100,0,11.9,0,4.4,3.3, 
04-feb-2010,0,15.300,0,9.9,0,4.2,0.5, 
05-feb-2010,0,0.100,0,8.9,0,4.4,0.7, 
06-feb-2010,0,0.000,0,11.4,1,-0.9,-4.6, 
07-feb-2010,0,0.000,0,8.3,1,-0.4,-3.2, 
08-feb-2010,0,0.000,0,5.9,0,3.2,0.4, 
09-feb-2010,0,0.000,0,5.2,0,2.4,-0.6, 
10-feb-2010,0,0.000,0,5.9,1,-4.6,-8.6, 
11-feb-2010,0,0.000,0,7.2,1,-4.9,-8.9, 
12-feb-2010,0,0.000,0,9.4,1,-4.6,-7.9, 
13-feb-2010,0,0.000,0,8.4,1,-1.9,-5.5, 
14-feb-2010,0,3.400,0,8.4,1,-1.4,-6.7, 
15-feb-2010,0,10.300,0,8.4,2,0.0,-2.6, 
16-feb-2010,0,3.900,0,6.1,0,0.9,-1.5, 
17-feb-2010,0,0.000,0,6.5,0,1.7,0.6, 
18-feb-2010,0,2.900,0,6.2,1,-1.9,-5.6, 
19-feb-2010,0,2.500,0,5.9,1,-0.8,-4.5, 
20-feb-2010,0,1.000,0,5.1,1,-2.1,-6.2, 
21-feb-2010,0,0.000,0,3.9,1,-3.9,-8.1, 
22-feb-2010,0,0.000,0,6.2,1,-3.1,-7.4, 
23-feb-2010,0,4.800,0,3.5,1,-2.4,-5.5, 
24-feb-2010,0,0.300,0,5.3,0,1.0,-0.9, 
25-feb-2010,0,8.500,0,6.7,0,1.8,-0.6, 
26-feb-2010,0,2.600,0,7.2,0,2.6,0.6, 
27-feb-2010,0,3.900,0,7.7,0,2.3,-0.1, 
28-feb-2010,0,0.200,0,9.4,1,-0.4,-3.3, 
01-mar-2010,0,0.000,0,10.2,1,-2.7,-7.0, 
02-mar-2010,0,2.000,0,8.2,1,-1.4,-4.2, 
03-mar-2010,0,1.100,0,8.2,0,4.9,3.0, 
04-mar-2010,0,0.000,0,8.9,1,-1.0,-5.0, 
05-mar-2010,0,0.000,0,11.3,1,-3.1,-7.0, 
06-mar-2010,0,0.000,0,8.8,1,-2.8,-7.1, 
07-mar-2010,0,0.000,0,9.0,0,0.6,-2.5, 
08-mar-2010,0,0.000,0,9.0,1,-1.2,-6.7, 
09-mar-2010,0,0.000,0,9.9,1,-3.1,-8.1, 
10-mar-2010,0,0.000,0,9.9,1,-4.2,-8.4, 
11-mar-2010,0,0.600,0,10.2,1,-4.1,-8.4, 
12-mar-2010,0,0.300,0,11.3,1,-1.6,-4.5, 
13-mar-2010,0,0.000,0,10.8,0,5.5,3.5, 
14-mar-2010,0,0.700,0,12.1,0,2.7,-1.6, 
15-mar-2010,0,0.000,0,10.9,0,1.2,-2.1, 
16-mar-2010,0,8.800,0,11.2,0,3.3,1.9, 
17-mar-2010,0,7.800,0,12.1,0,7.6,5.6, 
18-mar-2010,0,9.900,0,11.9,0,9.5,8.0, 
19-mar-2010,0,0.100,0,11.6,0,5.5,4.0, 
20-mar-2010,0,0.600,0,11.7,0,5.4,2.4, 
21-mar-2010,0,19.300,0,13.0,0,4.1,0.7, 
22-mar-2010,0,2.500,0,10.2,0,6.6,4.2, 
23-mar-2010,0,15.100,0,10.5,0,5.9,2.7, 
24-mar-2010,0,0.800,0,12.1,0,5.8,3.3, 
25-mar-2010,0,5.300,0,13.9,0,0.5,-2.1, 
26-mar-2010,0,0.400,0,13.2,0,5.4,3.5, 
27-mar-2010,0,1.700,0,11.7,0,5.7,2.2, 
28-mar-2010,0,4.300,0,11.1,0,3.6,-0.2, 
29-mar-2010,0,37.100,0,6.7,2,4.2,2.5, 
30-mar-2010,0,12.100,0,5.9,0,3.2,1.7, 
31-mar-2010,0,4.800,0,7.4,0,2.2,-0.6, 
01-apr-2010,0,3.300,0,9.6,0,2.0,-1.9, 
02-apr-2010,0,9.400,0,10.7,0,3.2,1.6, 
03-apr-2010,0,4.300,0,9.2,0,3.5,2.1, 
04-apr-2010,0,54.800,0,11.8,0,1.9,-1.8, 
05-apr-2010,0,47.500,0,11.7,0,5.9,5.0, 
06-apr-2010,0,2.700,0,11.5,0,6.2,5.0, 
07-apr-2010,0,0.000,0,11.7,0,5.1,1.0, 
08-apr-2010,0,0.000,0,13.4,0,7.1,6.7, 
09-apr-2010,0,0.000,0,15.8,0,7.0,4.6, 
10-apr-2010,0,0.000,0,17.7,0,2.6,0.1, 
11-apr-2010,0,0.000,0,18.6,0,2.4,-1.6, 
12-apr-2010,0,0.000,0,19.0,0,3.0,-1.0, 
13-apr-2010,0,0.000,0,18.3,0,5.3,2.8, 
14-apr-2010,0,0.000,0,14.7,0,5.7,2.0, 
15-apr-2010,0,0.000,0,15.7,0,6.8,2.7, 
16-apr-2010,0,0.000,0,15.9,0,2.3,-2.2, 
17-apr-2010,0,0.000,0,13.4,0,1.0,-1.0, 
18-apr-2010,0,2.300,0,13.4,0,3.5,-0.5, 
19-apr-2010,0,0.000,0,13.1,0,5.2,2.1, 
20-apr-2010,0,0.000,0,12.1,0,4.8,-0.9, 
21-apr-2010,0,0.000,0,12.8,0,2.4,-2.8, 
22-apr-2010,0,0.000,0,12.9,0,2.4,2.2, 
23-apr-2010,0,0.000,0,15.4,0,6.6,2.5, 
24-apr-2010,0,3.400,0,15.1,0,7.8,5.0, 
25-apr-2010,0,0.700,0,14.4,0,10.1,8.9, 
26-apr-2010,0,0.000,0,15.4,0,10.2,8.2, 
27-apr-2010,0,25.400,0,14.2,0,11.1,9.1, 
28-apr-2010,0,5.600,0,12.8,0,11.1,9.4, 
29-apr-2010,0,3.800,0,13.3,0,8.6,7.7, 
30-apr-2010,0,2.600,0,14.0,0,8.4,7.2, 
01-may-2010,0,7.800,0,14.7,0,9.4,6.3, 
02-may-2010,0,1.000,0,12.2,0,6.6,5.9, 
03-may-2010,0,0.000,0,12.4,0,6.5,5.0, 
04-may-2010,0,0.800,0,13.1,0,5.4,2.7, 
05-may-2010,0,0.800,0,14.6,0,9.1,7.5, 
06-may-2010,4,0.000,0,13.8,0,10.3,9.2, 
07-may-2010,0,0.000,0,15.1,0,7.4,4.5, 
08-may-2010,0,0.000,0,16.3,0,7.4,3.3, 
09-may-2010,0,0.000,0,15.1,0,1.7,-2.3, 
10-may-2010,0,0.900,0,11.9,0,7.0,4.5, 
11-may-2010,0,1.500,0,11.9,0,3.9,-1.5, 
12-may-2010,0,3.400,0,13.0,0,3.7,0.0, 
13-may-2010,0,2.200,0,13.5,0,6.2,5.0, 
14-may-2010,4,0.000,0,13.5,0,6.1,2.4, 
15-may-2010,0,11.800,0,13.8,0,8.1,4.4, 
16-may-2010,0,0.300,0,13.8,0,4.9,1.4, 
17-may-2010,0,0.500,0,14.9,0,7.2,4.6, 
18-may-2010,0,10.200,0,14.7,0,9.2,5.9, 
19-may-2010,0,0.700,0,17.2,0,11.5,10.6, 
20-may-2010,0,0.000,0,21.9,0,12.4,11.7, 
21-may-2010,0,0.000,0,19.8,0,11.2,8.6, 
22-may-2010,0,0.000,0,24.6,0,10.0,7.3, 
23-may-2010,0,0.000,0,22.2,0,10.0,6.0, 
24-may-2010,0,0.000,0,20.2,0,10.9,7.6, 
25-may-2010,0,0.000,0,17.5,0,8.6,6.0, 
26-may-2010,0,0.800,0,15.7,0,8.5,5.9, 
27-may-2010,0,0.000,0,13.2,0,6.7,2.6, 
28-may-2010,0,2.100,0,14.8,0,3.4,0.0, 
29-may-2010,0,0.100,0,15.1,0,9.4,7.9, 
30-may-2010,0,0.000,0,16.4,0,8.0,4.5, 
31-may-2010,0,9.800,0,16.8,0,11.5,9.2, 
01-jun-2010,0,0.000,0,18.0,0,10.2,9.6, 
02-jun-2010,0,0.000,0,19.5,0,10.6,6.5, 
03-jun-2010,0,3.700,0,19.4,0,10.6,7.3, 
04-jun-2010,0,0.100,0,19.0,0,13.0,10.6, 
05-jun-2010,0,2.600,0,17.2,0,9.7,5.8, 
06-jun-2010,0,0.100,0,17.9,0,7.8,3.6, 
07-jun-2010,0,0.900,0,17.4,0,11.0,7.2, 
08-jun-2010,0,0.600,0,17.7,0,11.7,10.0, 
09-jun-2010,0,4.800,0,15.8,0,11.8,10.4, 
10-jun-2010,0,0.000,0,20.8,0,11.0,7.9, 
11-jun-2010,0,0.100,0,16.6,0,11.5,8.9, 
12-jun-2010,0,6.000,0,16.2,0,11.2,8.1, 
13-jun-2010,0,3.800,0,15.0,0,11.3,8.9, 
14-jun-2010,0,0.000,0,18.7,0,11.4,9.8, 
15-jun-2010,0,0.000,0,19.6,0,8.6,4.5, 
16-jun-2010,0,0.000,0,19.7,0,10.4,7.0, 
17-jun-2010,0,0.000,0,18.5,0,10.5,7.2, 
18-jun-2010,0,0.000,0,19.8,0,10.9,8.2, 
19-jun-2010,0,0.000,0,19.2,0,11.4,7.0, 
20-jun-2010,0,0.000,0,21.2,0,6.5,2.5, 
21-jun-2010,0,0.000,0,20.5,0,7.3,2.7, 
22-jun-2010,0,1.300,0,19.0,0,14.0,11.2, 
23-jun-2010,0,2.100,0,18.0,0,14.1,11.8, 
24-jun-2010,0,0.000,0,18.6,0,12.4,10.9, 
25-jun-2010,0,3.300,0,21.2,0,9.6,5.6, 
26-jun-2010,0,4.100,0,20.9,0,12.2,8.7, 
27-jun-2010,0,4.900,0,18.2,0,14.1,11.7, 
28-jun-2010,0,0.300,0,18.9,0,13.5,10.5, 
29-jun-2010,0,0.400,0,20.6,0,10.6,7.4, 
30-jun-2010,0,48.800,0,17.9,0,13.4,10.2, 
01-jul-2010,0,9.500,0,17.3,0,14.7,12.0, 
02-jul-2010,0,5.000,0,17.3,0,13.1,10.5, 
03-jul-2010,0,36.900,0,16.5,0,11.6,8.9, 
04-jul-2010,0,3.300,0,17.1,0,12.8,11.0, 
05-jul-2010,0,0.800,0,16.5,0,12.2,9.2, 
06-jul-2010,0,7.700,0,16.1,0,12.9,9.9, 
07-jul-2010,0,3.400,0,16.7,0,12.4,9.9, 
08-jul-2010,0,7.500,0,18.4,0,11.4,9.6, 
09-jul-2010,0,3.600,0,17.6,0,11.9,10.4, 
10-jul-2010,0,36.500,0,16.7,0,11.8,10.1, 
11-jul-2010,0,4.400,0,16.7,0,11.9,9.1, 
12-jul-2010,0,3.700,0,17.2,0,11.6,9.9, 
13-jul-2010,0,16.000,0,17.5,0,12.9,9.5, 
14-jul-2010,0,17.400,0,21.4,0,13.4,12.2, 
15-jul-2010,0,55.200,0,18.7,0,13.0,9.9, 
16-jul-2010,0,4.500,0,16.2,0,11.6,10.0, 
17-jul-2010,0,4.500,0,18.8,0,12.6,9.7, 
18-jul-2010,0,3.400,0,18.9,0,13.6,11.6, 
19-jul-2010,0,5.000,0,18.5,0,13.6,10.6, 
20-jul-2010,0,4.000,0,19.7,0,12.9,10.5, 
21-jul-2010,0,12.300,0,15.3,0,13.6,10.9, 
22-jul-2010,0,0.000,0,18.5,0,12.1,9.0, 
23-jul-2010,0,0.900,0,17.4,0,9.5,6.5, 
24-jul-2010,0,1.000,0,17.2,0,14.1,12.6, 
25-jul-2010,0,0.500,0,18.4,0,14.8,12.9, 
26-jul-2010,0,10.200,0,19.6,0,15.2,12.9, 
27-jul-2010,0,0.800,0,18.2,0,13.6,11.6, 
28-jul-2010,0,0.800,0,17.2,0,13.0,12.0, 
29-jul-2010,0,8.700,0,18.1,0,12.1,10.9, 
30-jul-2010,0,8.400,0,18.4,0,14.9,14.0, 
31-jul-2010,0,2.200,0,18.0,0,13.3,11.3, 
01-aug-2010,0,0.100,0,17.7,0,13.8,10.3, 
02-aug-2010,0,7.300,0,15.8,0,8.9,5.0, 
03-aug-2010,0,10.800,0,15.9,0,12.9,10.7, 
04-aug-2010,0,1.000,0,17.5,0,11.3,9.9, 
05-aug-2010,0,7.800,0,17.7,0,13.6,11.2, 
06-aug-2010,0,15.700,0,15.7,0,13.8,12.0, 
07-aug-2010,0,0.200,0,17.9,0,14.0,12.0, 
08-aug-2010,0,17.600,0,17.3,0,7.5,3.2, 
09-aug-2010,0,4.200,0,17.6,0,11.5,8.8, 
10-aug-2010,0,2.000,0,18.2,0,13.0,10.9, 
11-aug-2010,0,2.500,0,16.6,0,13.0,10.2, 
12-aug-2010,0,1.100,0,16.2,0,12.5,10.2, 
13-aug-2010,0,0.700,0,17.1,0,12.4,10.2, 
14-aug-2010,0,0.200,0,16.9,0,12.7,10.9, 
15-aug-2010,0,3.900,0,22.4,0,11.9,9.2, 
16-aug-2010,0,17.500,0,17.8,0,9.8,5.9, 
17-aug-2010,0,4.100,2,18.0,0,10.1,7.5, 
18-aug-2010,0,6.500,0,17.0,0,12.2,9.1, 
19-aug-2010,0,14.900,0,17.2,0,12.9,10.5, 
20-aug-2010,0,0.600,0,19.3,0,14.2,12.1, 
21-aug-2010,0,3.700,0,17.2,0,14.3,11.5, 
22-aug-2010,0,18.100,0,16.8,0,13.0,8.9, 
23-aug-2010,0,2.900,0,16.6,0,12.2,9.6, 
24-aug-2010,0,0.300,0,14.4,0,12.0,7.9, 
25-aug-2010,0,0.000,0,18.6,0,7.0,1.6, 
26-aug-2010,0,0.000,0,19.7,0,6.5,1.9, 
27-aug-2010,0,1.000,0,18.0,0,8.6,3.4, 
28-aug-2010,0,2.300,0,17.1,0,12.4,8.0, 
29-aug-2010,0,0.000,0,17.9,0,12.4,10.6, 
30-aug-2010,0,0.000,0,19.1,0,5.6,1.5, 
31-aug-2010,0,0.000,0,21.2,0,7.4,2.5, 
01-sep-2010,0,0.000,0,21.4,0,9.2,7.8, 
02-sep-2010,0,0.000,0,22.4,0,9.6,9.1, 
03-sep-2010,0,6.800,0,22.1,0,16.0,10.9, 
04-sep-2010,0,0.200,0,20.2,0,16.0,12.9, 
05-sep-2010,0,35.800,0,18.9,0,10.7,5.6, 
06-sep-2010,0,11.000,0,18.9,0,13.5,12.2, 
07-sep-2010,0,48.500,0,18.9,0,13.5,11.0, 
08-sep-2010,0,5.300,0,17.8,0,13.1,11.2, 
09-sep-2010,0,14.200,0,17.8,0,14.5,11.0, 
10-sep-2010,0,5.500,0,19.8,0,13.6,11.5, 
11-sep-2010,0,8.500,0,16.2,0,13.0,10.4, 
12-sep-2010,0,22.800,0,16.8,0,10.6,6.5, 
13-sep-2010,0,30.700,0,18.2,0,14.0,12.0, 
14-sep-2010,0,2.500,0,15.7,0,14.3,9.8, 
15-sep-2010,0,2.400,0,15.8,0,12.5,8.0, 
16-sep-2010,0,2.800,0,16.4,0,11.5,8.0, 
17-sep-2010,0,8.000,0,15.7,0,9.5,5.3, 
18-sep-2010,0,14.600,0,15.3,0,7.0,1.7, 
19-sep-2010,0,21.000,0,17.3,0,13.5,11.5, 
20-sep-2010,0,1.200,0,18.3,0,13.8,12.1, 
21-sep-2010,0,25.900,0,18.2,0,15.5,12.5, 
22-sep-2010,0,17.900,0,16.7,0,14.9,13.1, 
23-sep-2010,0,9.500,0,13.7,0,11.6,9.5, 
24-sep-2010,0,0.200,0,13.0,0,10.4,7.3, 
25-sep-2010,0,0.000,0,12.7,0,9.8,6.9, 
26-sep-2010,0,0.000,0,13.0,0,8.8,6.8, 
27-sep-2010,0,4.800,0,15.6,0,10.0,9.1, 
28-sep-2010,0,2.000,0,17.4,0,12.7,10.6, 
29-sep-2010,0,7.300,0,16.5,0,6.5,2.9, 
30-sep-2010,0,15.000,0,15.3,0,9.9,5.7, 
01-oct-2010,0,15.500,0,14.4,0,11.6,9.0, 
02-oct-2010,0,18.800,0,14.0,0,10.4,7.6, 
03-oct-2010,0,3.200,0,16.4,0,9.4,5.6, 
04-oct-2010,0,19.800,0,15.3,0,11.1,7.3, 
05-oct-2010,0,8.600,0,14.0,0,9.6,6.5, 
06-oct-2010,0,7.500,0,15.1,0,9.6,6.0, 
07-oct-2010,0,2.100,0,17.7,0,10.9,9.0, 
08-oct-2010,0,0.600,0,20.6,0,14.1,11.4, 
09-oct-2010,0,0.100,0,18.7,0,16.9,13.9, 
10-oct-2010,0,0.000,0,14.5,0,12.6,11.0, 
11-oct-2010,0,0.000,0,20.1,0,9.1,3.7, 
12-oct-2010,0,0.000,0,20.2,0,4.2,-1.6, 
13-oct-2010,0,0.000,0,16.7,0,4.6,-0.5, 
14-oct-2010,0,0.000,0,13.4,0,7.0,4.4, 
15-oct-2010,0,0.500,0,14.6,0,9.5,5.5, 
16-oct-2010,0,3.000,0,15.2,0,6.5,1.2, 
17-oct-2010,0,2.200,0,14.4,0,5.7,0.1, 
18-oct-2010,0,3.600,0,13.4,0,11.2,7.9, 
19-oct-2010,0,1.000,0,13.2,0,10.0,5.9, 
20-oct-2010,0,3.700,0,11.5,0,2.6,-2.1, 
21-oct-2010,0,7.300,0,12.5,2,4.6,1.6, 
22-oct-2010,0,46.100,0,12.0,0,9.5,7.3, 
23-oct-2010,0,3.200,0,11.5,0,6.7,2.9, 
24-oct-2010,0,0.000,0,12.8,0,0.0,-5.1, 
25-oct-2010,0,20.500,0,15.4,2,1.6,-3.5, 
26-oct-2010,0,16.900,0,15.6,0,8.9,6.0, 
27-oct-2010,0,11.300,0,13.1,0,11.2,7.3, 
28-oct-2010,0,22.700,0,14.6,0,9.3,5.9, 
29-oct-2010,0,17.200,0,10.2,0,10.0,8.0, 
30-oct-2010,0,5.400,0,12.3,0,5.6,1.2, 
31-oct-2010,0,6.200,0,12.7,0,4.1,3.3, 
01-nov-2010,0,29.500,0,14.8,0,3.9,-1.6, 
02-nov-2010,0,20.500,0,13.8,0,9.0,7.6, 
03-nov-2010,0,16.000,0,15.7,0,9.4,6.1, 
04-nov-2010,0,23.400,2,15.0,0,9.6,7.8, 
05-nov-2010,0,14.800,2,12.2,0,11.9,8.0, 
06-nov-2010,0,8.000,0,10.0,0,4.6,-1.0, 
07-nov-2010,0,58.300,0,11.3,0,2.7,-2.3, 
08-nov-2010,0,4.200,0,11.2,0,4.1,0.1, 
09-nov-2010,0,1.700,0,11.5,0,6.6,3.9, 
10-nov-2010,0,29.400,0,12.9,0,1.1,-4.5, 
11-nov-2010,0,5.700,0,11.7,0,5.5,2.2, 
12-nov-2010,0,5.200,0,10.7,0,7.7,3.8, 
13-nov-2010,0,3.600,0,8.4,0,4.1,-0.9, 
14-nov-2010,0,4.600,0,8.9,0,2.2,-3.0, 
15-nov-2010,0,4.300,0,10.3,0,2.3,-2.3, 
16-nov-2010,0,29.200,0,10.5,0,3.5,-1.6, 
17-nov-2010,0,35.500,0,10.7,0,8.7,5.0, 
18-nov-2010,0,8.500,0,10.6,0,8.7,6.4, 
19-nov-2010,0,0.000,0,11.1,0,3.6,-0.9, 
20-nov-2010,0,0.000,0,9.2,0,5.2,2.1, 
21-nov-2010,0,0.000,0,8.5,0,5.4,0.2, 
22-nov-2010,0,0.000,0,8.4,0,0.7,-3.9, 
23-nov-2010,0,4.900,0,8.8,1,-0.6,-5.9, 
24-nov-2010,0,4.100,0,7.2,1,-0.6,-4.5, 
25-nov-2010,0,14.200,0,6.7,0,3.0,-0.1, 
26-nov-2010,0,13.600,0,5.9,0,4.1,0.6, 
27-nov-2010,0,3.100,0,3.9,0,1.4,-1.6, 
28-nov-2010,0,0.000,0,2.7,1,-1.7,-7.5, 
29-nov-2010,0,0.000,0,3.1,1,-3.6,-9.4, 
30-nov-2010,0,0.300,0,3.1,1,-2.9,-6.1, 
01-dec-2010,0,0.000,0,1.7,1,-0.6,-5.2, 
02-dec-2010,0,14.300,0,3.7,1,-3.9,-9.6, 
03-dec-2010,0,7.700,0,7.3,1,-4.5,-10.0, 
04-dec-2010,0,0.700,0,6.8,0,0.2,-2.7, 
05-dec-2010,0,0.100,0,6.8,0,0.4,-3.9, 
06-dec-2010,0,7.100,0,6.1,1,-2.6,-8.5, 
07-dec-2010,0,0.400,0,5.2,1,-0.9,-6.5, 
08-dec-2010,0,0.000,0,8.4,1,-1.5,-7.1, 
09-dec-2010,0,0.000,0,9.8,0,1.4,-3.5, 
10-dec-2010,0,1.700,0,9.4,0,6.9,4.0, 
11-dec-2010,0,0.100,0,7.9,0,3.7,-0.2, 
12-dec-2010,0,0.000,0,6.7,0,2.9,-2.9, 
13-dec-2010,4,0.000,0,7.2,0,2.4,-1.5, 
14-dec-2010,0,0.000,0,6.6,1,-0.6,-6.1, 
15-dec-2010,0,2.700,0,10.4,1,-0.5,-5.6, 
16-dec-2010,0,8.300,0,9.2,0,5.2,3.6, 
17-dec-2010,0,8.200,0,3.5,0,0.8,-2.0, 
18-dec-2010,0,1.000,0,2.8,1,-2.5,-8.7, 
19-dec-2010,0,0.000,0,2.6,1,-1.4,-4.0, 
20-dec-2010,0,1.900,1,-0.2,1,-7.5,-1.4, 
21-dec-2010,0,0.000,0,1.2,1,-7.8,-12.5, 
22-dec-2010,0,0.000,0,0.3,1,-8.5,-13.1, 
23-dec-2010,0,0.000,0,1.2,1,-7.8,-12.4, 
24-dec-2010,0,0.000,0,1.2,1,-9.4,-13.8, 
25-dec-2010,0,5.200,0,5.1,1,-9.3,-14.0, 
26-dec-2010,0,17.500,0,10.5,1,-7.0,-9.0, 
27-dec-2010,0,4.800,0,11.5,0,5.1,2.5, 
28-dec-2010,0,19.100,0,11.7,0,9.0,7.1, 
29-dec-2010,0,0.600,0,11.8,0,9.8,8.0, 
30-dec-2010,0,0.000,0,11.8,0,8.2,5.1, 
31-dec-2010,0,0.000,0,8.3,0,6.5,2.8, 
01-jan-2011,0,0.000,0,8.8,0,5.1,2.5, 
02-jan-2011,0,0.000,0,8.8,0,2.5,0.7, 
03-jan-2011,0,1.800,0,6.6,4, ,-9.6, 
04-jan-2011,0,13.500,0,7.7,3,-4.8,-9.1, 
05-jan-2011,0,2.000,0,7.6,0,3.6,-0.5, 
06-jan-2011,0,0.000,0,5.6,1,-0.1,-5.2, 
07-jan-2011,0,4.900,0,4.8,1,-1.6,-6.9, 
08-jan-2011,0,5.200,0,7.2,1,-2.7,-8.1, 
09-jan-2011,0,6.500,0,8.0,0,1.6,-2.7, 
10-jan-2011,0,6.400,0,8.9,0,2.7,-1.2, 
11-jan-2011,0,12.900,0,12.1,0,1.3,-3.4, 
12-jan-2011,0,14.700,0,11.9,0,0.7,-3.9, 
13-jan-2011,0,6.400,0,11.7,0,10.1,8.6, 
14-jan-2011,0,37.400,0,12.4,0,7.6,5.0, 
15-jan-2011,0,22.100,0,12.7,0,6.9,4.8, 
16-jan-2011,0,2.300,2,10.0,0,9.2,7.4, 
17-jan-2011,0,2.000,0,9.0,0,2.5,-2.1, 
18-jan-2011,0,0.000,0,9.0,0,2.4,-2.0, 
19-jan-2011,4,0.000,0,7.6,1,-0.5,-5.9, 
20-jan-2011,0,0.000,0,7.6,1,-1.9,-7.7, 
21-jan-2011,0,0.000,0,7.9,1,-1.7,-6.8, 
22-jan-2011,0,0.000,0,7.8,1,-1.9,-6.9, 
23-jan-2011,0,0.000,0,8.8,1,-1.0,-5.9, 
24-jan-2011,0,3.800,0,10.3,0,0.0,-4.0, 
25-jan-2011,0,15.400,0,10.0,0,3.5,1.8, 
26-jan-2011,0,0.000,0,8.0,0,7.1,4.1, 
27-jan-2011,0,0.000,0,6.7,0,2.2,-1.9, 
28-jan-2011,0,0.000,0,4.2,1,-2.0,-6.9, 
29-jan-2011,0,0.000,0,4.4,1,-4.1,-9.2, 
30-jan-2011,0,2.400,0,8.1,1,-2.4,-5.8, 
31-jan-2011,0,18.600,0,11.3,3,-0.2,-3.4, 
01-feb-2011,0,25.000,0,11.6,0,7.8,4.9, 
02-feb-2011,0,6.700,0,10.4,0,8.5,5.0, 
03-feb-2011,0,16.600,0,12.9,0,4.9,-0.5, 
04-feb-2011,0,29.000,0,13.2,0,7.0,4.3, 
05-feb-2011,0,19.900,2,8.2,0,7.3,5.3, 
06-feb-2011,0,48.300,0,11.0,0,5.0,3.5, 
07-feb-2011,0,3.500,0,8.7,0,2.0,-0.7, 
08-feb-2011,0,16.400,0,10.0,0,0.5,-4.8, 
09-feb-2011,0,4.000,0,10.0,0,6.7,3.7, 
10-feb-2011,0,4.600,0,9.0,1,-0.5,-6.2, 
11-feb-2011,0,2.900,0,11.3,1,-0.4,-5.0, 
12-feb-2011,0,13.400,0,8.2,0,0.5,-4.5, 
13-feb-2011,0,28.800,0,7.8,0,2.7,-1.4, 
14-feb-2011,0,9.800,0,7.4,0,0.6,-0.9, 
15-feb-2011,0,6.000,0,6.9,0,2.4,-2.0, 
16-feb-2011,0,0.000,0,10.5,0,2.6,-2.0, 
17-feb-2011,0,0.000,0,10.1,1,-0.5,-5.5, 
18-feb-2011,0,15.900,0,9.5,0,2.6,-2.8, 
19-feb-2011,0,0.600,0,11.9,0,7.2,4.8, 
20-feb-2011,0,19.600,0,10.8,0,8.9,5.9, 
21-feb-2011,0,6.900,0,13.0,0,4.4,0.2, 
22-feb-2011,0,16.700,0,11.4,2,5.1,4.0, 
23-feb-2011,0,2.000,0,13.6,0,8.9,7.3, 
24-feb-2011,0,21.400,0,12.4,0,10.6,8.4, 
25-feb-2011,0,6.200,0,12.7,0,10.2,7.4, 
26-feb-2011,0,6.500,0,9.5,0,6.0,3.4, 
27-feb-2011,0,0.000,0,10.1,0,4.7,1.0, 
28-feb-2011,0,0.600,0,10.2,1,-0.4,-5.5, 
01-mar-2011,0,0.000,0,11.5,0,1.4,-2.4, 
02-mar-2011,4,0.000,0,10.6,0,3.5,-0.6, 
03-mar-2011,0,0.000,0,13.3,0,4.9,2.2, 
04-mar-2011,0,0.000,0,11.7,0,3.5,-0.8, 
05-mar-2011,0,0.000,0,12.6,0,6.8,3.5, 
06-mar-2011,0,3.600,0,9.4,0,6.5,3.8, 
07-mar-2011,0,0.300,0,9.2,0,6.0,2.5, 
08-mar-2011,0,7.600,0,9.9,0,6.6,2.6, 
09-mar-2011,0,3.600,0,10.6,0,6.2,2.7, 
10-mar-2011,0,6.200,0,8.6,0,8.0,4.5, 
11-mar-2011,0,14.800,0,5.2,0,4.6,1.5, 
12-mar-2011,0,2.400,0,7.8,0,1.8,0.6, 
13-mar-2011,0,22.200,0,6.2,1,-0.8,-5.6, 
14-mar-2011,0,0.300,0,8.2,0,2.5,-0.1, 
15-mar-2011,0,0.000,0,10.8,1,-1.8,-7.4, 
16-mar-2011,0,6.400,0,11.3,1,-0.4,-6.1, 
17-mar-2011,0,0.000,0,9.4,0,3.6,-1.6, 
18-mar-2011,0,0.700,0,10.5,1,-0.2,-4.5, 
19-mar-2011,0,7.100,0,10.8,0,1.2,-4.1, 
20-mar-2011,0,0.200,0,12.2,0,7.2,5.2, 
21-mar-2011,0,0.000,0,13.0,0,9.3,6.4, 
22-mar-2011,0,0.000,0,15.7,0,8.9,5.0, 
23-mar-2011,0,0.000,0,16.0,0,3.4,-1.6, 
24-mar-2011,0,0.000,0,16.9,0,1.9,-2.8, 
25-mar-2011,0,0.000,0,15.1,0,3.9,-1.5, 
26-mar-2011,0,0.000,0,12.2,0,6.3,1.1, 
27-mar-2011,0,0.000,0,11.7,0,4.6,1.0, 
28-mar-2011,0,0.000,0,13.9,0,6.0,3.2, 
29-mar-2011,0,4.200,0,14.0,0,7.9,5.4, 
30-mar-2011,0,16.900,0,14.1,0,8.5,6.7, 
31-mar-2011,0,31.900,0,14.1,0,9.8,7.8, 
01-apr-2011,0,39.100,0,12.8,0,10.7,8.3, 
02-apr-2011,0,2.400,0,12.5,0,7.8,5.2, 
03-apr-2011,0,14.000,0,12.4,0,6.0,3.1, 
04-apr-2011,0,32.200,0,13.5,0,7.0,4.8, 
05-apr-2011,0,28.900,0,13.0,0,11.2,9.9, 
06-apr-2011,0,7.200,0,11.9,0,11.2,10.1, 
07-apr-2011,0,0.000,0,14.9,0,8.6,5.5, 
08-apr-2011,0,0.100,0,19.8,0,1.2,0.0, 
09-apr-2011,0,0.000,0,20.3,0,11.2,10.2, 
10-apr-2011,0,3.500,0,15.7,0,11.4,8.1, 
11-apr-2011,0,3.000,0,10.5,0,9.0,6.7, 
12-apr-2011,0,36.100,0,12.6,0,5.6,2.0, 
13-apr-2011,0,4.500,0,14.5,0,6.6,5.0, 
14-apr-2011,0,0.000,0,13.6,0,8.1,5.3, 
15-apr-2011,0,3.700,0,13.8,0,7.6,4.5, 
16-apr-2011,0,0.000,0,13.5,0,7.6,5.7, 
17-apr-2011,0,0.000,0,15.9,0,6.6,2.6, 
18-apr-2011,0,0.000,0,17.8,0,5.7,0.8, 
19-apr-2011,0,0.000,0,18.8,0,6.3,1.2, 
20-apr-2011,0,3.000,0,16.7,0,10.9,7.8, 
21-apr-2011,0,1.000,0,21.6,0,9.3,5.5, 
22-apr-2011,0,2.700,0,17.2,0,12.7,8.8, 
23-apr-2011,0,2.200,0,13.3,0,6.3,2.0, 
24-apr-2011,4,0.000,0,13.7,0,8.9,5.3, 
25-apr-2011,0,0.000,0,15.0,0,6.8,2.2, 
26-apr-2011,0,6.500,0,16.0,0,8.9,5.5, 
27-apr-2011,0,0.000,0,17.0,0,10.2,9.5, 
28-apr-2011,0,0.000,0,19.0,0,7.6,5.6, 
29-apr-2011,0,0.000,0,19.6,0,7.0,5.0, 
30-apr-2011,0,0.000,0,19.7,0,10.2,8.1, 
01-may-2011,0,0.000,0,18.8,0,9.5,6.4, 
02-may-2011,0,2.000,0,18.2,0,10.8,8.4, 
03-may-2011,0,9.500,0,14.2,0,8.2,5.8, 
04-may-2011,0,25.100,0,16.3,0,9.4,6.6, 
05-may-2011,0,4.800,0,16.2,0,10.6,8.8, 
06-may-2011,0,3.200,0,17.7,0,11.7,10.1, 
07-may-2011,0,13.100,0,17.2,0,11.5,10.0, 
08-may-2011,0,9.900,0,16.2,0,9.5,7.1, 
09-may-2011,0,19.800,0,14.3,0,11.2,9.4, 
10-may-2011,0,5.900,0,13.2,0,10.5,7.2, 
11-may-2011,0,7.900,0,11.9,0,9.5,6.2, 
12-may-2011,0,5.400,0,12.4,0,9.6,6.1, 
13-may-2011,0,3.400,0,12.4,0,7.4,4.2, 
14-may-2011,0,24.400,0,13.0,0,9.4,4.5, 
15-may-2011,0,16.500,0,12.7,0,9.4,7.1, 
16-may-2011,0,23.200,0,12.2,0,11.1,10.5, 
17-may-2011,0,8.000,0,14.4,0,11.3,11.0, 
18-may-2011,0,1.700,0,12.4,0,9.5,8.2, 
19-may-2011,0,4.700,0,11.7,0,7.8,6.0, 
20-may-2011,0,29.500,0,13.0,0,8.6,7.1, 
21-may-2011,0,23.900,0,12.9,0,9.2,7.9, 
22-may-2011,0,38.000,0,13.7,0,8.0,6.5, 
23-may-2011,0,2.900,0,12.1,0,8.0,7.8, 
24-may-2011,0,17.500,0,12.7,0,8.4,6.1, 
25-may-2011,0,28.000,0,11.7,0,9.2,8.5, 
26-may-2011,0,1.500,0,12.4,0,9.4,8.2, 
27-may-2011,0,20.100,0,11.9,0,7.9,5.4, 
28-may-2011,0,3.000,0,13.2,0,9.8,7.1, 
29-may-2011,0,3.700,0,12.7,0,9.8,7.3, 
30-may-2011,0,5.900,0,12.3,0,6.4,3.1, 
31-may-2011,0,9.900,0,13.2,0,7.6,6.2, 
01-jun-2011,0,0.700,0,16.6,0,10.9,10.1, 
02-jun-2011,0,0.000,0,19.6,0,12.3,12.2, 
03-jun-2011,0,0.000,0,20.9,0,8.4,5.6, 
04-jun-2011,0,0.000,0,16.7,0,11.1,8.6, 
05-jun-2011,0,1.500,0,14.2,0,9.1,6.6, 
06-jun-2011,0,14.300,0,12.7,0,5.5,1.9, 
07-jun-2011,0,12.000,0,14.4,0,8.0,6.1, 
08-jun-2011,0,6.500,0,11.3,0,9.0,8.1, 
09-jun-2011,0,0.900,0,12.0,0,5.4,3.0, 
10-jun-2011,0,3.600,0,12.9,0,5.0,2.4, 
11-jun-2011,0,0.100,0,14.8,0,4.3,0.7, 
12-jun-2011,0,4.000,0,13.4,0,8.2,4.9, 
13-jun-2011,0,0.400,0,15.7,0,9.0,7.6, 
14-jun-2011,0,13.200,0,18.1,0,5.0,2.1, 
15-jun-2011,0,0.300,0,15.7,0,11.0,8.5, 
16-jun-2011,0,3.300,0,14.7,0,10.3,7.6, 
17-jun-2011,0,9.100,0,14.1,0,8.4,5.5, 
18-jun-2011,0,2.600,0,14.3,0,10.4,9.2, 
19-jun-2011,0,0.000,0,14.3,0,10.2,8.4, 
20-jun-2011,0,9.700,0,17.2,0,5.5,1.5, 
21-jun-2011,0,3.500,0,17.0,0,11.7,11.4, 
22-jun-2011,0,3.000,0,15.9,0,11.1,9.6, 
23-jun-2011,0,1.600,0,15.3,0,9.6,7.0, 
24-jun-2011,0,14.600,0,15.1,0,5.1,2.9, 
25-jun-2011,0,3.500,0,15.3,0,8.9,7.1, 
26-jun-2011,0,7.000,0,15.2,0,14.0,12.5, 
27-jun-2011,0,1.000,0,15.6,0,9.4,5.6, 
28-jun-2011,0,8.500,0,14.7,0,8.5,5.0, 
29-jun-2011,0,2.000,0,15.5,0,9.1,7.5, 
30-jun-2011,0,0.000,0,15.9,0,10.0,8.5, 
01-jul-2011,0,0.000,0,18.1,0,9.9,7.1, 
02-jul-2011,0,3.300,0,18.3,0,11.2,7.8, 
03-jul-2011,0,0.300,0,15.7,0,12.8,10.2, 
04-jul-2011,0,5.100,0,19.1,0,11.6,10.4, 
05-jul-2011,0,5.000,0,15.9,0,13.3,12.0, 
06-jul-2011,0,16.000,0,16.3,0,9.1,5.8, 
07-jul-2011,0,7.400,0,15.0,0,11.9,9.6, 
08-jul-2011,0,8.000,0,18.1,0,12.0,10.5, 
09-jul-2011,0,0.300,0,18.0,0,10.3,6.1, 
10-jul-2011,0,0.000,0,17.7,0,10.8,6.9, 
11-jul-2011,0,0.000,0,17.0,0,9.5,6.4, 
12-jul-2011,0,0.000,0,21.0,0,9.5,6.4, 
13-jul-2011,0,1.300,0,21.3,0,11.0,7.0, 
14-jul-2011,0,0.000,0,17.6,0,10.2,7.2, 
15-jul-2011,0,24.400,0,15.7,0,12.6,11.6, 
16-jul-2011,0,19.500,0,14.2,0,11.6,9.6, 
17-jul-2011,0,10.000,0,12.7,0,12.2,11.2, 
18-jul-2011,0,5.000,0,13.1,0,11.5,9.0, 
19-jul-2011,0,0.000,0,15.2,0,11.2,11.0, 
20-jul-2011,0,0.000,0,16.1,0,10.5,9.2, 
21-jul-2011,0,0.000,0,14.9,0,11.2,9.2, 
22-jul-2011,0,0.000,0,17.6,0,10.7,7.0, 
23-jul-2011,0,0.800,0,17.2,0,10.4,9.1, 
24-jul-2011,0,0.300,0,21.4,0,14.2,12.7, 
25-jul-2011,0,1.400,0,16.8,0,15.4,13.3, 
26-jul-2011,0,0.000,0,18.9,0,11.9,10.5, 
27-jul-2011,0,1.300,0,18.0,0,11.0,8.0, 
28-jul-2011,0,0.000,0,16.5,0,13.0,9.8, 
29-jul-2011,0,0.000,0,19.2,0,12.8,10.1, 
30-jul-2011,0,4.600,0,17.2,0,13.0,10.4, 
31-jul-2011,0,1.100,0,15.8,0,14.0,12.1, 
01-aug-2011,0,0.000,0,15.8,0,8.8,5.4, 
02-aug-2011,0,0.000,0,16.9,0,7.3,3.5, 
03-aug-2011,0,0.000,0,17.3,2,8.0,4.8, 
04-aug-2011,0,1.400,0,17.3,2,12.5,11.8, 
05-aug-2011,0,3.400,0,17.2,2,10.5,8.5, 
06-aug-2011,0,6.100,0,17.2,2,11.0,9.4, 
07-aug-2011,0,10.500,0,17.2,2,10.0,6.1, 
08-aug-2011,0,4.000,0,18.2,2,12.2,10.3, 
09-aug-2011,0,14.800,0,18.1,2,12.0,10.1, 
10-aug-2011,0,35.000,0,17.0,2,13.2,11.4, 
11-aug-2011,0,5.400,0,16.7,0,14.8,13.0, 
12-aug-2011,0,10.400,0,16.6,0,14.1,12.4, 
13-aug-2011,0,2.500,0,17.1,0,13.2,10.9, 
14-aug-2011,0,1.300,2,17.0,0,12.1,9.0, 
15-aug-2011,0,14.300,0,14.9,0,12.0,9.5, 
16-aug-2011,0,0.000,0,16.5,0,12.0,7.8, 
17-aug-2011,0,0.200,0,17.1,0,8.2,3.5, 
18-aug-2011,0,3.000,0,18.1,0,10.8,8.1, 
19-aug-2011,0,8.100,0,15.9,0,8.9,3.9, 
20-aug-2011,0,4.900,0,18.2,0,12.5,11.0, 
21-aug-2011,0,0.000,0,17.5,0,12.9,11.4, 
22-aug-2011,0,0.000,0,17.5,0,12.0,9.8, 
23-aug-2011,0,13.000,0,17.9,0,9.3,4.0, 
24-aug-2011,0,7.300,0,15.9,0,7.7,3.4, 
25-aug-2011,0,11.400,0,16.4,0,10.1,8.0, 
26-aug-2011,0,8.500,0,16.5,0,10.0,6.4, 
27-aug-2011,0,13.000,0,15.4,0,11.2,8.3, 
28-aug-2011,0,0.200,2,16.0,0,11.2,8.0, 
29-aug-2011,0,0.000,0,13.9,0,8.6,3.8, 
30-aug-2011,0,0.000,0,15.7,0,10.2,8.1, 
31-aug-2011,0,0.000,0,18.0,0,11.4,9.1, 
01-sep-2011,0,11.400,0,16.7,0,12.1,8.7, 
02-sep-2011,0,13.700,0,16.5,0,12.9,9.6, 
03-sep-2011,0,8.500,0,15.5,0,11.9,8.2, 
04-sep-2011,0,6.300,0,15.7,0,10.1,7.8, 
05-sep-2011,0,36.500,0,15.7,0,10.1,7.1, 
06-sep-2011,0,7.300,0,14.2,0,11.6,7.8, 
07-sep-2011,0,11.500,0,14.1,0,12.1,9.1, 
08-sep-2011,0,3.000,0,16.5,0,11.2,8.9, 
09-sep-2011,0,12.200,0,19.2,0,12.8,11.3, 
10-sep-2011,0,34.800,0,17.2,0,15.0,12.1, 
11-sep-2011,0,19.700,0,16.8,0,12.4,9.4, 
12-sep-2011,0,1.400,0,15.2,0,12.9,10.0, 
13-sep-2011,0,1.900,0,14.6,0,11.6,7.9, 
14-sep-2011,0,0.000,0,13.7,0,11.0,7.0, 
15-sep-2011,0,12.700,0,16.9,0,10.9,7.7, 
16-sep-2011,0,23.600,0,14.7,0,11.7,8.9, 
17-sep-2011,0,18.500,0,13.8,0,10.9,7.3, 
18-sep-2011,0,17.500,0,16.1,0,10.9,8.1, 
19-sep-2011,0,6.200,0,14.7,0,11.0,8.0, 
20-sep-2011,0,4.000,0,14.8,0,9.4,5.4, 
21-sep-2011,0,3.900,0,15.1,0,11.2,7.6, 
22-sep-2011,0,4.100,0,15.1,0,11.5,5.9, 
23-sep-2011,0,11.900,0,15.2,0,12.0,8.9, 
24-sep-2011,0,13.400,0,15.7,0,12.4,9.1, 
25-sep-2011,0,3.100,0,15.4,0,12.9,9.9, 
26-sep-2011,0,16.000,0,16.3,0,9.1,3.6, 
27-sep-2011,0,4.400,0,18.8,0,12.4,9.0, 
28-sep-2011,0,6.900,0,19.8,0,16.0,13.1, 
29-sep-2011,0,21.400,0,20.1,0,14.0,11.1, 
30-sep-2011,0,0.000,0,16.5,0,14.0,9.6, 
01-oct-2011,0,1.800,0,16.1,0,8.0,5.1, 
02-oct-2011,0,0.300,0,15.7,0,12.1,9.1, 
03-oct-2011,0,1.600,0,15.0,0,11.5,7.8, 
04-oct-2011,0,13.000,0,16.4,0,11.9,6.9, 
05-oct-2011,0,10.200,0,15.6,0,12.0,9.2, 
06-oct-2011,0,8.900,0,12.7,0,8.1,3.6, 
07-oct-2011,0,6.000,0,14.8,0,9.8,5.2, 
08-oct-2011,0,12.700,0,15.6,0,11.1,7.5, 
09-oct-2011,0,23.500,0,15.4,0,14.1,11.3, 
10-oct-2011,0,30.300,0,15.7,0,13.9,11.1, 
11-oct-2011,0,23.200,0,15.2,0,13.6,11.3, 
12-oct-2011,0,0.500,0,15.2,0,12.6,11.7, 
13-oct-2011,0,8.500,0,16.2,0,11.6,10.2, 
14-oct-2011,0,9.600,0,15.6,0,12.0,10.6, 
15-oct-2011,0,3.000,0,14.7,0,10.2,8.9, 
16-oct-2011,0,14.600,0,14.0,0,9.8,6.8, 
17-oct-2011,0,22.100,0,13.0,0,9.6,7.6, 
18-oct-2011,0,8.200,0,11.7,0,6.2,5.0, 
19-oct-2011,0,1.400,0,10.9,0,5.7,2.4, 
20-oct-2011,0,24.500,0,13.7,0,6.9,3.1, 
21-oct-2011,0,39.900,0,14.1,0,10.8,8.4, 
22-oct-2011,0,21.500,0,13.1,0,10.1,8.9, 
23-oct-2011,0,22.400,0,15.3,0,8.6,5.6, 
24-oct-2011,0,0.800,0,11.2,0,9.8,8.2, 
25-oct-2011,0,8.800,0,11.1,0,6.3,3.0, 
26-oct-2011,0,16.900,0,11.1,0,6.2,2.5, 
27-oct-2011,0,1.500,0,12.4,0,7.9,5.8, 
28-oct-2011,0,38.400,0,14.3,0,8.0,4.9, 
29-oct-2011,0,1.600,0,15.0,0,11.1,9.5, 
30-oct-2011,0,32.600,0,16.2,0,11.8,9.8, 
31-oct-2011,0,10.100,0,17.1,0,10.5,8.3, 
01-nov-2011,0,22.700,0,14.9,2,6.1,3.4, 
02-nov-2011,0,11.100,0,14.9,0,9.5,7.1, 
03-nov-2011,0,5.200,0,15.5,0,12.9,10.8, 
04-nov-2011,0,3.400,0,12.1,0,7.8,3.0, 
05-nov-2011,0,0.400,0,12.1,0,4.5,2.3, 
06-nov-2011,0,0.400,0,12.4,0,2.5,-1.0, 
07-nov-2011,4,0.000,0,12.4,0,7.6,3.9, 
08-nov-2011,0,0.600,0,12.8,0,6.9,3.1, 
09-nov-2011,0,1.300,0,13.8,0,10.3,6.2, 
10-nov-2011,0,9.100,0,14.6,0,10.4,8.1, 
11-nov-2011,0,15.600,0,14.8,0,12.2,9.0, 
12-nov-2011,0,1.900,0,16.2,0,8.4,5.5, 
13-nov-2011,4,0.000,0,16.1,0,10.0,4.9, 
14-nov-2011,0,0.000,0,14.1,0,13.7,10.8, 
15-nov-2011,0,0.000,0,13.7,0,10.6,8.9, 
16-nov-2011,0,13.400,0,13.4,0,10.5,7.5, 
17-nov-2011,0,106.600,0,13.2,0,8.0,6.0, 
18-nov-2011,0,7.300,0,13.4,0,10.8,7.6, 
19-nov-2011,0,0.100,0,14.5,0,9.0,5.2, 
20-nov-2011,0,8.300,0,13.2,0,7.4,3.4, 
21-nov-2011,0,0.400,0,10.4,0,7.5,3.9, 
22-nov-2011,0,13.400,0,12.9,0,4.9,2.1, 
23-nov-2011,0,19.300,0,13.3,0,7.0,5.0, 
24-nov-2011,0,30.100,0,13.4,0,9.4,4.5, 
25-nov-2011,0,5.900,0,13.5,0,7.4,4.0, 
26-nov-2011,0,23.500,0,14.0,0,7.2,6.9, 
27-nov-2011,0,2.200,0,10.8,0,7.5,4.1, 
28-nov-2011,0,78.800,0,13.0,0,8.1,4.9, 
29-nov-2011,0,4.400,0,11.1,2,5.6,3.0, 
30-nov-2011,0,31.000,0,11.1,0,5.7,2.1, 
01-dec-2011,0,6.500,0,9.3,0,5.1,2.0, 
02-dec-2011,0,29.000,0,11.6,0,3.5,1.0, 
03-dec-2011,0,12.400,0,9.8,0,6.5,3.1, 
04-dec-2011,0,17.100,0,6.9,0,4.3,1.0, 
05-dec-2011,0,13.400,0,7.8,0,3.6,1.2, 
06-dec-2011,0,16.600,0,9.9,0,3.8,2.1, 
07-dec-2011,0,16.500,0,12.1,0,4.5,2.0, 
08-dec-2011,0,13.000,0,9.4,0,6.6,3.2, 
09-dec-2011,0,3.100,0,6.5,0,4.0,1.2, 
10-dec-2011,0,14.500,0,10.1,0,3.4,-0.4, 
11-dec-2011,0,8.700,0,10.2,0,5.1,3.2, 
12-dec-2011,0,26.500,0,10.6,0,4.6,1.5, 
13-dec-2011,0,13.600,0,6.9,0,3.5,0.4, 
14-dec-2011,0,17.900,0,8.5,0,2.1,0.1, 
15-dec-2011,0,15.300,0,6.8,0,2.6,-0.3, 
16-dec-2011,0,11.500,0,7.6,0,0.0,-4.1, 
17-dec-2011,0,2.300,0,7.2,0,4.0,1.2, 
18-dec-2011,0,37.800,0,11.2,0,3.8,0.6, 
19-dec-2011,0,1.900,0,11.2,0,5.5,3.0, 
20-dec-2011,0,27.000,0,12.7,0,7.2,5.9, 
21-dec-2011,0,0.100,0,13.3,0,8.3,7.1, 
22-dec-2011,0,22.500,0,13.6,0,11.6,10.2, 
23-dec-2011,0,4.100,0,10.2,0,6.5,3.9, 
24-dec-2011,0,13.600,0,13.2,0,6.0,2.6, 
25-dec-2011,0,3.000,0,14.0,0,10.0,8.0, 
26-dec-2011,0,19.100,0,13.4,0,8.0,7.2, 
27-dec-2011,0,23.600,0,13.0,0,7.6,5.8, 
28-dec-2011,0,12.300,0,10.6,0,4.6,3.9, 
29-dec-2011,0,23.200,0,11.6,0,4.3,3.4, 
30-dec-2011,0,12.400,0,12.2,0,8.0,7.6, 
31-dec-2011,0,12.900,0,12.3,0,9.6,8.5, 
01-jan-2012,0,7.300,0,8.4,0,6.0,5.4, 
02-jan-2012,0,24.800,0,9.1,0,2.2,1.0, 
03-jan-2012,0,9.100,0,8.8,0,3.0,2.5, 
04-jan-2012,0,13.900,0,11.4,0,3.5,2.5, 
05-jan-2012,0,1.400,0,10.2,0,7.2,6.5, 
06-jan-2012,0,8.300,0,10.4,0,7.0,5.5, 
07-jan-2012,0,5.700,0,11.0,0,8.3,7.1, 
08-jan-2012,0,6.300,0,11.5,0,8.0,7.6, 
09-jan-2012,0,2.000,0,11.0,0,7.6,6.7, 
10-jan-2012,0,9.700,0,11.6,0,7.5,5.2, 
11-jan-2012,0,9.400,0,11.4,0,8.1,7.7, 
12-jan-2012,0,0.600,0,9.9,0,6.6,4.8, 
13-jan-2012,0,0.400,0,9.4,0,6.1,4.2, 
14-jan-2012,0,0.000,0,8.3,0,6.2,5.9, 
15-jan-2012,0,0.000,0,8.1,0,5.6,5.1, 
16-jan-2012,0,8.800,0,9.7,0,4.5,3.2, 
17-jan-2012,0,6.500,0,12.4,0,7.5,7.5, 
18-jan-2012,0,7.000,0,10.0,0,8.5,7.3, 
19-jan-2012,0,15.100,0,10.0,0,6.1,5.0, 
20-jan-2012,0,6.500,0,11.8,0,5.4,4.4, 
21-jan-2012,0,0.500,0,11.0,0,7.9,6.4, 
22-jan-2012,0,0.600,0,9.7,0,7.9,6.8, 
23-jan-2012,0,26.800,0,11.6,0,5.7,4.4, 
24-jan-2012,0,24.700,0,11.5,2,7.0,5.3, 
25-jan-2012,0,30.500,0,10.0,0,9.1,8.8, 
26-jan-2012,0,9.200,0,7.9,0,1.0,0.3, 
27-jan-2012,0,5.000,0,8.9,0,4.2,2.9, 
28-jan-2012,0,39.100,0,10.2,0,0.6,-1.7, 
29-jan-2012,0,3.200,0,10.9,0,6.5,6.8, 
30-jan-2012,0,0.900,0,9.6,0,7.2,7.2, 
31-jan-2012,0,0.000,0,6.1,0,5.2,4.9, 
01-feb-2012,0,0.000,0,5.8,1,-0.3,-2.9, 
02-feb-2012,0,0.000,0,5.9,1,-0.3,-2.4, 
03-feb-2012,0,2.600,0,10.5,0,2.9,0.8, 
04-feb-2012,0,10.200,0,10.5,0,4.7,4.4, 
05-feb-2012,0,2.200,0,11.3,0,5.0,3.1, 
06-feb-2012,0,0.200,0,12.3,0,5.6,6.0, 
07-feb-2012,0,6.300,0,10.1,0,6.0,4.2, 
08-feb-2012,0,19.700,0,10.2,0,7.9,7.6, 
09-feb-2012,0,4.900,0,11.1,0,8.0,7.9, 
10-feb-2012,0,9.600,0,11.1,0,7.5,6.0, 
11-feb-2012,0,4.600,0,9.4,0,5.7,3.4, 
12-feb-2012,0,2.300,0,11.6,0,1.5,-1.1, 
13-feb-2012,0,1.000,0,9.3,0,4.6,1.4, 
14-feb-2012,0,1.200,0,9.2,0,7.1,6.1, 
15-feb-2012,0,4.600,0,10.4,0,7.4,6.2, 
16-feb-2012,0,26.400,0,10.7,0,7.5,7.5, 
17-feb-2012,0,18.100,0,10.7,0,9.0,8.9, 
18-feb-2012,0,3.500,0,8.1,0,5.2,3.5, 
19-feb-2012,0,4.700,0,9.5,0,2.1,-0.4, 
20-feb-2012,0,29.600,0,10.6,0,3.0,0.5, 
21-feb-2012,0,32.200,0,13.4,0,8.2,7.6, 
22-feb-2012,0,8.700,0,13.1,0,9.4,9.3, 
23-feb-2012,0,9.100,0,12.9,0,10.4,10.4, 
24-feb-2012,0,0.000,0,11.2,0,7.0,6.9, 
25-feb-2012,0,1.000,0,10.4,0,4.1,1.4, 
26-feb-2012,0,12.100,0,11.3,0,6.8,4.8, 
27-feb-2012,0,2.800,0,11.3,0,9.2,9.2, 
28-feb-2012,0,1.400,0,11.8,0,9.9,9.8, 
29-feb-2012,0,3.000,0,12.4,0,8.6,8.1, 
01-mar-2012,0,0.300,0,11.0,0,8.1,7.3, 
02-mar-2012,0,7.700,0,12.4,0,2.2,-0.9, 
03-mar-2012,0,8.000,0,10.3,0,6.8,5.4, 
04-mar-2012,0,5.900,0,8.6,0,0.2,-1.5, 
05-mar-2012,0,5.300,0,11.1,0,1.5,0.5, 
06-mar-2012,0,28.200,0,12.3,0,5.2,3.4, 
07-mar-2012,0,4.600,0,10.5,0,4.9,3.9, 
08-mar-2012,0,1.200,0,11.7,0,4.0,2.3, 
09-mar-2012,0,6.300,0,12.1,0,9.7,9.5, 
10-mar-2012,0,0.200,0,13.5,0,9.8,9.6, 
11-mar-2012,0,0.200,0,11.1,0,7.7,5.4, 
12-mar-2012,0,0.000,0,11.2,0,7.5,7.2, 
13-mar-2012,0,0.000,2,10.5,0,7.2,7.2, 
14-mar-2012,0,1.800,0,11.2,0,7.4,7.1, 
15-mar-2012,0,35.200,0,12.0,0,8.1,7.3, 
16-mar-2012,0,2.100,0,10.8,0,8.3,7.0, 
17-mar-2012,0,26.500,0,7.0,0,0.9,-1.5, 
18-mar-2012,0,0.300,0,10.9,0,0.5,-2.6, 
19-mar-2012,0,0.300,0,11.7,0,4.8,1.8, 
20-mar-2012,0,0.400,0,11.7,0,9.2,8.8, 
21-mar-2012,0,0.000,0,11.2,0,8.2,7.7, 
22-mar-2012,0,1.000,0,16.1,0,6.5,4.1, 
23-mar-2012,0,0.200,0,13.0,0,7.4,5.0, 
24-mar-2012,0,0.000,0,17.2,0,8.6,8.5, 
25-mar-2012,0,0.000,0,18.8,0,8.8,5.6, 
26-mar-2012,0,0.000,0,19.3,0,7.8,3.3, 
27-mar-2012,0,0.000,0,20.0,0,6.7,3.2, 
28-mar-2012,0,0.000,0,20.1,0,2.1,-1.5, 
29-mar-2012,0,0.000,0,17.8,0,2.3,-1.9, 
30-mar-2012,0,0.000,0,13.3,0,6.9,5.6, 
31-mar-2012,0,0.000,0,12.1,0,8.2,7.9, 
01-apr-2012,0,0.000,0,13.6,0,7.8,7.1, 
02-apr-2012,0,8.300,0,13.2,0,4.9,0.9, 
03-apr-2012,0,2.900,0,8.6,0,5.9,4.6, 
04-apr-2012,0,0.500,0,8.9,0,2.6,-0.2, 
05-apr-2012,0,0.600,0,11.1,0,2.7,-1.1, 
06-apr-2012,0,4.800,0,10.7,0,5.9,3.2, 
07-apr-2012,0,0.100,0,12.1,0,8.5,7.6, 
08-apr-2012,0,33.300,0,10.4,0,8.5,5.4, 
09-apr-2012,0,14.500,0,11.5,0,6.8,5.9, 
10-apr-2012,0,3.000,0,11.5,0,3.4,1.4, 
11-apr-2012,0,7.200,0,12.7,0,3.4,0.5, 
12-apr-2012,0,1.200,0,11.3,0,5.0,2.3, 
13-apr-2012,0,0.000,0,12.1,0,0.5,-2.5, 
14-apr-2012,0,0.000,0,12.3,0,3.1,-2.0, 
15-apr-2012,0,0.000,0,11.3,0,2.2,-3.0, 
16-apr-2012,0,34.000,0,11.5,2,5.2,2.6, 
17-apr-2012,0,16.800,0,10.3,0,5.6,3.9, 
18-apr-2012,0,4.000,0,11.6,0,5.8,4.6, 
19-apr-2012,0,1.100,0,11.6,0,5.4,3.1, 
20-apr-2012,0,5.100,0,12.2,0,4.1,3.0, 
21-apr-2012,0,8.000,0,12.4,0,5.5,4.4, 
22-apr-2012,0,2.100,0,11.1,0,7.0,5.5, 
23-apr-2012,0,1.500,0,12.5,0,2.9,-1.0, 
24-apr-2012,0,3.500,0,13.8,0,2.2,-6.0, 
25-apr-2012,0,3.500,0,9.8,0,5.3,3.0, 
26-apr-2012,0,4.000,0,8.8,0,5.5,6.0, 
27-apr-2012,0,0.400,0,10.4,0,5.2,3.4, 
28-apr-2012,0,0.000,0,11.9,0,5.0,3.2, 
29-apr-2012,0,0.200,0,12.1,0,3.3,-0.4, 
30-apr-2012,0,0.800,0,13.7,0,5.9,4.6, 
01-may-2012,0,0.500,0,15.9,0,7.6,7.0, 
02-may-2012,0,0.000,0,16.4,0,6.6,4.4, 
03-may-2012,0,0.000,0,18.5,0,7.6,4.6, 
04-may-2012,0,0.000,0,12.5,0,7.9,7.0, 
05-may-2012,0,0.000,0,11.2,0,4.6,2.6, 
06-may-2012,0,24.200,0,12.2,0,0.6,-3.2, 
07-may-2012,0,8.400,0,13.0,0,3.6,2.9, 
08-may-2012,0,0.000,0,12.3,0,4.3,1.7, 
09-may-2012,0,6.500,0,12.9,0,2.0,-0.5, 
10-may-2012,0,10.000,0,9.0,0,6.5,5.4, 
11-may-2012,0,1.200,0,12.1,0,5.7,4.4, 
12-may-2012,0,0.200,0,13.3,0,5.7,3.0, 
13-may-2012,0,15.000,0,11.1,0,8.5,6.2, 
14-may-2012,0,5.700,0,11.6,0,7.0,5.2, 
15-may-2012,0,1.800,0,11.1,0,5.1,3.1, 
16-may-2012,0,4.500,0,10.0,0,4.3,1.6, 
17-may-2012,0,2.200,0,11.2,0,5.7,5.6, 
18-may-2012,0,4.700,0,11.3,0,7.4,6.3, 
19-may-2012,4,0.000,0,14.2,0,7.7,6.9, 
20-may-2012,0,1.000,0,15.5,0,9.0,7.4, 
21-may-2012,0,2.300,0,15.4,0,10.1,10.0, 
22-may-2012,0,0.300,0,19.3,0,12.1,11.6, 
23-may-2012,0,1.400,0,18.7,0,13.0,10.7, 
24-may-2012,0,0.000,0,22.3,0,12.7,12.4, 
25-may-2012,0,0.000,0,26.7,0,13.3,10.0, 
26-may-2012,0,0.000,0,24.8,0,14.8,11.6, 
27-may-2012,0,0.000,0,25.3,0,12.5,9.2, 
28-may-2012,0,0.000,0,21.8,0,12.6,10.7, 
29-may-2012,0,0.000,0,19.6,0,10.2,8.3, 
30-may-2012,0,18.100,0,18.4,0,13.1,12.1, 
31-may-2012,0,6.000,0,16.7,0,12.0,11.5, 
01-jun-2012,0,3.000,0,20.4,0,13.2,12.9, 
02-jun-2012,0,15.600,0,17.5,0,14.7,14.2, 
03-jun-2012,4,0.000,0,15.1,0,10.3,9.4, 
04-jun-2012,0,3.900,0,17.2,0,7.0,4.9, 
05-jun-2012,0,1.500,0,17.6,0,8.9,7.8, 
06-jun-2012,0,4.800,0,17.1,0,8.0,6.2, 
07-jun-2012,0,73.700,0,13.2,0,11.6,9.8, 
08-jun-2012,0,0.600,0,14.0,0,10.0,8.9, 
09-jun-2012,0,0.000,0,16.0,0,9.9,7.4, 
10-jun-2012,0,0.000,0,17.7,0,3.2,0.2, 
11-jun-2012,0,0.700,0,18.9,0,8.6,5.6, 
12-jun-2012,0,0.600,0,15.4,0,10.8,9.6, 
13-jun-2012,0,5.500,0,14.4,0,9.8,8.8, 
14-jun-2012,0,27.400,0,14.5,0,10.1,8.3, 
15-jun-2012,0,25.700,0,14.9,0,11.0,9.2, 
16-jun-2012,0,1.400,0,12.4,0,10.4,9.8, 
17-jun-2012,0,1.500,0,15.4,2,7.8,4.3, 
18-jun-2012,0,0.800,0,15.0,0,7.3,5.5, 
19-jun-2012,0,0.000,0,17.2,0,8.0,5.5, 
20-jun-2012,0,21.100,0,17.8,0,10.0,7.4, 
21-jun-2012,0,6.800,0,13.7,0,10.4,9.7, 
22-jun-2012,0,0.600,0,14.4,0,11.0,10.0, 
23-jun-2012,0,7.400,0,14.4,0,10.9,10.4, 
24-jun-2012,4,0.000,0,17.7,0,10.3,8.7, 
25-jun-2012,0,2.200,0,20.2,0,7.2,5.1, 
26-jun-2012,1,5.200,0,17.8,0,13.7,12.8, 
27-jun-2012,1,15.000,0,19.4,0,14.3,14.1, 
28-jun-2012,0,8.800,0,17.8,0,14.7,13.5, 
29-jun-2012,0,13.300,0,14.5,0,12.5,11.3, 
30-jun-2012,0,11.600,0,13.5,0,10.9,9.0, 
01-jul-2012,0,8.600,0,16.0,0,10.0,8.4, 
02-jul-2012,0,1.700,0,19.1,0,12.0,12.2, 
03-jul-2012,0,5.600,0,17.0,0,13.9,13.7, 
04-jul-2012,0,0.000,0,19.0,0,12.1,11.5, 
05-jul-2012,0,0.600,0,18.9,0,10.1,8.6, 
06-jul-2012,0,0.000,0,20.5,0,12.0,10.6, 
07-jul-2012,0,0.000,0,18.5,0,16.7,15.5, 
08-jul-2012,0,3.500,0,14.9,0,12.1,12.0, 
09-jul-2012,0,11.000,0,13.4,0,10.6,9.8, 
10-jul-2012,0,5.100,0,14.5,0,10.1,9.1, 
11-jul-2012,0,0.200,0,15.4,0,9.9,9.5, 
12-jul-2012,0,0.500,0,15.2,0,7.0,5.0, 
13-jul-2012,0,0.000,0,17.8,0,11.8,10.5, 
14-jul-2012,0,1.000,0,14.6,0,10.2,7.6, 
15-jul-2012,0,6.700,0,17.9,0,9.4,6.5, 
16-jul-2012,0,14.900,0,16.2,0,12.6,10.2, 
17-jul-2012,0,22.900,0,16.1,0,13.1,13.1, 
18-jul-2012,0,3.800,0,16.5,0,12.6,11.4, 
19-jul-2012,0,0.000,0,16.9,0,11.2,9.7, 
20-jul-2012,0,0.000,0,17.8,0,9.5,7.5, 
21-jul-2012,0,5.000,0,18.0,0,7.2,5.3, 
22-jul-2012,0,12.300,0,18.1,0,14.8,13.3, 
23-jul-2012,0,6.000,0,18.1,0,14.1,14.0, 
24-jul-2012,0,6.300,0,17.3,0,12.0,10.9, 
25-jul-2012,0,0.000,0,19.9,0,7.9,5.5, 
26-jul-2012,0,1.600,0,18.5,0,10.9,9.8, 
27-jul-2012,0,11.500,0,15.7,0,11.4,9.8, 
28-jul-2012,0,4.600,0,15.2,0,10.0,9.3, 
29-jul-2012,0,2.900,0,15.6,0,9.8,7.6, 
30-jul-2012,0,0.900,0,18.6,0,8.2,7.3, 
31-jul-2012,0,44.400,0,16.4,0,10.6,8.5, 
01-aug-2012,0,3.800,0,16.9,0,14.4,13.6, 
02-aug-2012,0,9.500,0,15.5,0,11.9,11.0, 
03-aug-2012,0,6.700,0,18.3,0,13.3,12.7, 
04-aug-2012,0,3.000,0,17.1,0,13.4,12.4, 
05-aug-2012,0,0.000,0,14.9,0,12.1,12.0, 
06-aug-2012,0,7.800,0,15.7,0,9.9,8.0, 
07-aug-2012,0,0.000,0,21.1,0,12.2,11.5, 
08-aug-2012,0,0.000,0,22.5,0,13.5,12.2, 
09-aug-2012,0,0.000,0,22.4,0,11.9,10.5, 
10-aug-2012,0,0.000,0,26.0,0,12.4,10.3, 
11-aug-2012,0,5.800,0,23.8,0,17.8,16.5, 
12-aug-2012,0,12.300,0,21.8,0,15.6,15.2, 
13-aug-2012,0,16.600,0,19.6,0,14.8,14.1, 
14-aug-2012,0,1.500,0,20.6,0,14.4,14.4, 
15-aug-2012,0,39.900,0,19.4,0,15.7,13.0, 
16-aug-2012,0,1.400,0,19.7,0,14.0,13.6, 
17-aug-2012,0,2.900,0,22.1,0,12.0,10.9, 
18-aug-2012,0,0.000,0,19.4,0,14.0,13.2, 
19-aug-2012,0,20.200,0,19.1,0,15.9,14.8, 
20-aug-2012,0,11.500,0,18.2,0,15.0,14.5, 
21-aug-2012,0,10.500,0,18.0,0,12.8,11.6, 
22-aug-2012,0,9.500,0,17.7,0,13.3,11.6, 
23-aug-2012,0,15.200,0,15.7,0,12.6,12.6, 
24-aug-2012,0,6.500,0,15.2,0,12.5,12.1, 
25-aug-2012,0,0.000,0,18.4,0,12.6,12.4, 
26-aug-2012,0,13.700,0,17.8,0,7.2,5.1, 
27-aug-2012,0,3.000,0,18.5,0,14.1,13.6, 
28-aug-2012,0,40.100,0,16.7,0,12.2,10.4, 
29-aug-2012,0,7.800,0,17.6,0,11.1,10.6, 
30-aug-2012,0,6.700,0,16.5,0,10.5,8.0, 
31-aug-2012,0,0.400,0,18.0,0,10.8,8.9, 
01-sep-2012,0,10.200,0,16.1,0,14.4,14.1, 
02-sep-2012,0,0.000,0,17.0,0,11.9,10.4, 
03-sep-2012,0,11.700,0,17.7,0,12.1,10.1, 
04-sep-2012,0,0.000,0,17.5,0,12.1,10.6, 
05-sep-2012,0,0.000,0,18.6,0,11.0,9.4, 
06-sep-2012,0,7.100,0,16.0,0,7.9,5.5, 
07-sep-2012,0,2.100,0,17.9,0,14.4,14.5, 
08-sep-2012,0,3.500,0,17.0,0,14.1,12.6, 
09-sep-2012,0,13.300,0,16.1,0,11.9,9.9, 
10-sep-2012,0,13.700,0,13.7,0,10.7,10.6, 
11-sep-2012,0,9.400,0,14.7,0,8.7,7.0, 
12-sep-2012,0,1.700,0,16.4,0,10.5,10.0, 
13-sep-2012,0,5.200,0,16.1,0,8.8,6.3, 
14-sep-2012,0,0.100,0,16.1,0,13.2,11.4, 
15-sep-2012,0,14.300,0,15.3,0,12.2,10.0, 
16-sep-2012,0,7.000,0,15.2,0,12.0,11.6, 
17-sep-2012,0,3.600,0,15.3,0,11.8,9.5, 
18-sep-2012,0,2.400,0,14.5,0,8.5,7.4, 
19-sep-2012,0,2.900,0,15.0,0,8.2,6.0, 
20-sep-2012,0,11.100,0,15.6,0,10.4,10.3, 
21-sep-2012,0,0.000,0,15.2,0,9.8,8.0, 
22-sep-2012,0,0.000,0,15.2,0,6.1,4.0, 
23-sep-2012,0,28.900,0,16.2,0,7.9,5.0, 
24-sep-2012,0,38.700,0,11.2,0,8.8,8.9, 
25-sep-2012,0,9.100,0,12.6,0,8.5,8.2, 
26-sep-2012,0,1.500,0,13.5,0,10.4,9.4, 
27-sep-2012,0,4.000,0,13.7,0,9.0,8.5, 
28-sep-2012,0,3.400,0,14.3,0,10.6,9.0, 
29-sep-2012,0,34.800,0,15.2,0,9.1,7.2, 
30-sep-2012,0,1.200,0,15.7,0,12.0,11.6, 
01-oct-2012,0,7.900,0,13.4,0,9.7,9.0, 
02-oct-2012,0,16.500,0,12.4,0,9.6,8.2, 
03-oct-2012,0,16.700,0,12.5,0,8.1,7.3, 
04-oct-2012,0,12.000,0,11.7,0,6.1,4.7, 
05-oct-2012,0,0.600,0,14.5,0,7.0,5.2, 
06-oct-2012,0,11.500,0,14.4,0,4.8,2.1, 
07-oct-2012,0,0.600,0,12.5,0,3.4,0.6, 
08-oct-2012,0,0.000,0,14.3,0,8.5,8.5, 
09-oct-2012,0,0.000,0,14.6,0,8.1,7.8, 
10-oct-2012,0,33.700,0,15.2,0,5.1,2.1, 
11-oct-2012,0,2.700,0,13.0,0,9.5,8.9, 
12-oct-2012,0,7.800,0,10.4,0,4.1,1.2, 
13-oct-2012,0,0.900,0,13.4,0,5.9,4.6, 
14-oct-2012,0,3.300,0,12.0,0,4.4,2.6, 
15-oct-2012,0,15.800,0,10.2,0,2.2,-0.6, 
16-oct-2012,0,7.000,0,13.3,0,4.8,4.4, 
17-oct-2012,0,14.200,0,11.1,0,7.4,6.4, 
18-oct-2012,0,27.200,0,12.2,0,8.2,8.8, 
19-oct-2012,0,0.000,0,11.9,0,9.1,8.2, 
20-oct-2012,0,0.000,0,13.7,0,6.1,4.9, 
21-oct-2012,0,0.000,0,15.7,0,10.6,10.5, 
22-oct-2012,0,0.000,0,14.5,0,9.0,8.0, 
23-oct-2012,0,0.000,0,13.9,0,9.0,7.6, 
24-oct-2012,0,0.000,0,13.7,0,10.2,9.4, 
25-oct-2012,0,0.000,0,12.9,0,9.6,9.6, 
26-oct-2012,0,0.000,0,9.5,0,5.4,4.1, 
27-oct-2012,0,13.400,0,10.3,0,1.1,-1.6, 
28-oct-2012,0,18.900,0,10.6,0,1.9,0.5, 
29-oct-2012,0,3.500,0,11.8,0,6.5,4.4, 
30-oct-2012,0,19.600,0,10.8,0,6.2,4.1, 
31-oct-2012,0,3.300,0,9.2,0,4.5,3.4, 
01-nov-2012,0,12.600,0,9.4,0,1.8,-0.4, 
02-nov-2012,0,8.700,0,10.0,0,3.3,2.9, 
03-nov-2012,0,12.700,0,10.0,0,2.5,-0.3, 
04-nov-2012,0,1.000,0,8.8,0,3.8,1.5, 
05-nov-2012,0,0.600,0,10.8,1,-0.1,-2.4, 
06-nov-2012,0,1.400,0,11.0,0,5.4,3.1, 
07-nov-2012,0,2.100,0,11.7,0,8.5,7.7, 
08-nov-2012,0,20.200,0,11.7,0,8.1,6.5, 
09-nov-2012,0,8.900,0,10.7,0,7.7,6.5, 
10-nov-2012,0,12.700,0,8.9,0,5.2,3.9, 
11-nov-2012,0,19.200,0,12.6,0,5.5,5.0, 
12-nov-2012,0,55.600,0,13.1,0,5.5,5.9, 
13-nov-2012,0,4.300,0,12.3,0,10.6,10.2, 
14-nov-2012,0,9.000,0,10.1,0,7.4,7.3, 
15-nov-2012,0,1.100,0,11.2,0,7.4,7.8, 
16-nov-2012,0,6.000,0,9.2,0,7.0,6.7, 
17-nov-2012,0,7.100,0,8.7,0,3.3,1.2, 
18-nov-2012,0,77.500,0,12.4,0,1.2,-0.4, 
19-nov-2012,0,11.700,0,11.7,0,5.3,5.2, 
20-nov-2012,0,16.400,0,11.2,0,8.5,8.2, 
21-nov-2012,0,30.500,0,11.4,0,3.4,1.5, 
22-nov-2012,0,10.900,0,9.0,0,5.1,4.8, 
23-nov-2012,0,1.600,0,9.3,0,4.4,2.6, 
24-nov-2012,0,0.500,0,7.5,0,0.1,-2.4, 
25-nov-2012,0,6.700,0,7.5,1,-1.9,-4.9, 
26-nov-2012,0,6.200,0,8.8,0,3.0,3.4, 
27-nov-2012,0,0.200,0,8.0,0,3.8,2.9, 
28-nov-2012,0,0.000,0,8.0,0,2.7,0.0, 
29-nov-2012,0,14.100,0,8.6,1,-1.1,-3.5, 
30-nov-2012,0,2.500,0,8.1,0,3.0,1.9, 
01-dec-2012,0,7.000,0,7.6,0,1.5,-0.5, 
02-dec-2012,0,38.500,0,11.1,0,3.5,1.8, 
03-dec-2012,0,11.400,0,8.3,0,4.8,2.3, 
04-dec-2012,0,15.900,0,8.8,0,4.0,2.9, 
05-dec-2012,0,10.700,0,7.7,0,1.3,-1.0, 
06-dec-2012,0,21.200,0,9.0,1,-0.6,-3.0, 
07-dec-2012,0,1.300,0,9.2,0,4.9,3.5, 
08-dec-2012,0,2.800,0,9.8,0,2.5,-0.3, 
09-dec-2012,0,0.000,0,9.8,0,6.8,6.5, 
10-dec-2012,0,0.000,0,6.4,1,-1.1,-3.6, 
11-dec-2012,0,0.200,0,7.2,0,1.5,0.3, 
12-dec-2012,0,0.000,0,8.9,0,4.0,3.4, 
13-dec-2012,0,16.800,0,9.0,0,3.0,2.0, 
14-dec-2012,0,4.200,0,9.3,0,2.9,2.4, 
15-dec-2012,0,3.500,0,10.6,0,6.5,6.2, 
16-dec-2012,0,18.600,0,9.4,0,7.0,6.3, 
17-dec-2012,0,4.600,0,10.2,0,6.0,5.5, 
18-dec-2012,0,20.500,0,10.4,0,3.2,0.3, 
19-dec-2012,0,0.400,0,11.0,0,4.1,3.2, 
20-dec-2012,0,0.600,0,8.9,0,5.3,3.8, 
21-dec-2012,0,19.000,0,12.9,0,4.0,1.6, 
22-dec-2012,0,30.100,0,13.0,0,7.0,6.9, 
23-dec-2012,0,5.100,0,10.0,0,6.9,5.5, 
24-dec-2012,0,6.400,0,9.0,0,6.7,6.1, 
25-dec-2012,0,13.000,0,9.1,0,4.1,2.9, 
26-dec-2012,0,5.500,0,9.5,0,4.8,3.6, 
27-dec-2012,0,17.700,0,12.1,0,4.4,1.4, 
28-dec-2012,0,19.000,0,12.7,0,5.4,3.3, 
29-dec-2012,0,9.600,0,8.4,0,4.0,3.7, 
30-dec-2012,0,17.100,0,11.8,0,2.6,1.6, 
31-dec-2012,0,8.100,0,8.8,0,6.1,5.5, 
01-jan-2013,0,8.100,0,11.3,0,4.0,2.4, 
02-jan-2013,0,6.000,0,12.0,2,6.6,6.2, 
03-jan-2013,0,1.200,0,11.1,0,10.2,10.0, 
04-jan-2013,0,0.800,0,12.0,0,9.5,9.1, 
05-jan-2013,0,36.500,0,12.1,0,9.4,8.4, 
06-jan-2013,0,37.700,0,11.5,0,4.6,1.9, 
07-jan-2013,0,29.400,0,12.4,0,9.7,9.5, 
08-jan-2013,0,0.000,0,11.0,0,8.0,6.7, 
09-jan-2013,0,0.000,0,8.7,0,1.6,-1.4, 
10-jan-2013,0,2.500,0,9.4,0,3.6,1.0, 
11-jan-2013,0,2.200,0,10.3,0,3.2,1.1, 
12-jan-2013,0,2.400,0,8.1,0,6.5,4.3, 
13-jan-2013,0,8.100,0,9.6,1,-1.3,-4.1, 
14-jan-2013,0,1.900,0,8.1,0,4.1,2.4, 
15-jan-2013,0,4.600,0,7.1,0,0.5,-1.1, 
16-jan-2013,0,1.000,0,8.0,0,1.3,-0.2, 
17-jan-2013,0,42.700,0,10.4,0,4.5,2.0, 
18-jan-2013,0,15.700,0,7.8,0,6.2,5.6, 
19-jan-2013,0,0.400,0,8.6,0,3.1,0.1, 
20-jan-2013,0,0.200,0,4.2,0,0.5,-1.3, 
21-jan-2013,0,2.200,0,4.2,0,1.3,0.6, 
22-jan-2013,0,2.700,0,4.4,1,-3.1,-7.0, 
23-jan-2013,0,1.000,0,5.7,0,0.2,-0.5, 
24-jan-2013,0,6.500,0,8.0,0,0.0,-1.9, 
25-jan-2013,0,2.900,0,10.0,0,1.0,0.2, 
26-jan-2013,0,45.000,0,11.8,0,3.1,0.8, 
27-jan-2013,0,20.300,0,8.0,0,3.8,2.5, 
28-jan-2013,0,11.500,0,11.6,0,3.2,1.1, 
29-jan-2013,0,19.000,0,11.5,0,6.9,6.1, 
30-jan-2013,0,19.400,0,9.5,0,4.0,2.3, 
31-jan-2013,0,5.600,0,10.2,0,5.4,4.4, 
01-feb-2013,0,3.100,0,8.8,0,5.4,3.6, 
02-feb-2013,0,17.400,0,11.1,0,1.9,-1.0, 
03-feb-2013,0,6.700,0,10.9,0,2.1,0.1, 
04-feb-2013,0,17.100,0,8.0,0,5.7,4.2, 
05-feb-2013,0,4.700,0,9.1,0,0.5,-0.3, 
06-feb-2013,0,13.300,0,8.8,0,3.2,1.5, 
07-feb-2013,0,1.000,0,9.7,0,0.1,-2.0, 
08-feb-2013,0,0.600,0,10.3,0,5.1,3.9, 
09-feb-2013,0,10.200,0,9.7,0,6.7,4.2, 
10-feb-2013,0,21.500,0,7.7,0,5.1,3.4, 
11-feb-2013,0,3.000,0,7.9,0,3.8,3.6, 
12-feb-2013,0,17.000,0,11.5,0,3.0,1.5, 
13-feb-2013,0,7.800,0,12.3,0,4.0,4.3, 
14-feb-2013,0,0.800,0,10.1,0,6.9,5.4, 
15-feb-2013,0,2.600,0,11.0,0,3.4,1.5, 
16-feb-2013,0,0.100,0,12.5,0,4.9,4.6, 
17-feb-2013,0,0.000,0,10.8,2,8.7,7.5, 
18-feb-2013,0,0.000,0,10.3,0,4.8,3.0, 
19-feb-2013,0,0.000,0,10.5,0,5.4,4.6, 
20-feb-2013,0,0.000,0,7.5,0,4.5,2.9, 
21-feb-2013,0,0.000,0,5.3,0,3.5,2.8, 
22-feb-2013,0,0.000,0,2.8,0,0.4,-1.1, 
23-feb-2013,0,0.000,0,3.4,1,-0.4,-1.6, 
24-feb-2013,0,0.000,0,7.2,1,-1.4,-4.5, 
25-feb-2013,0,0.000,0,8.8,1,-2.2,-6.8, 
26-feb-2013,0,0.000,0,8.5,1,-2.5,-6.4, 
27-feb-2013,0,0.000,0,8.6,0,0.1,-1.8, 
28-feb-2013,0,0.000,0,8.8,0,1.5,-2.1, 
01-mar-2013,0,0.000,0,10.2,0,2.4,-1.2, 
02-mar-2013,0,0.000,0,11.2,0,3.0,1.4, 
03-mar-2013,0,0.000,0,7.6,0,3.0,0.6, 
04-mar-2013,0,0.000,0,6.9,0,2.8,2.2, 
05-mar-2013,0,2.100,0,12.6,0,2.6,1.1, 
06-mar-2013,0,1.900,0,10.4,0,4.0,4.5, 
07-mar-2013,0,11.500,0,12.3,0,7.8,6.9, 
08-mar-2013,0,3.900,0,12.3,0,8.5,7.5, 
09-mar-2013,0,1.700,0,12.1,0,7.8,4.8, 
10-mar-2013,0,0.900,0,7.6,0,2.3,1.5, 
11-mar-2013,4,0.000,0,3.9,1,-1.5,-3.2, 
12-mar-2013,0,0.000,0,7.3,1,-2.2,-5.5, 
13-mar-2013,0,4.100,0,9.3,0,0.3,-0.9, 
14-mar-2013,0,17.100,0,9.3,0,1.2,-1.5, 
15-mar-2013,0,1.200,0,8.1,0,3.9,1.2, 
16-mar-2013,0,9.500,0,8.9,1,-2.2,-5.5, 
17-mar-2013,0,8.300,0,6.0,0,0.2,-1.7, 
18-mar-2013,0,3.000,0,8.4,0,1.4,-1.1, 
19-mar-2013,0,0.200,0,6.8,0,1.0,-1.2, 
20-mar-2013,0,0.000,0,9.2,1,-2.4,-6.0, 
21-mar-2013,0,45.500,0,9.9,0,0.3,-2.2, 
22-mar-2013,0,17.900,0,9.9,0,4.0,2.4, 
23-mar-2013,0,0.000,0,8.7,0,4.6,3.9, 
24-mar-2013,0,0.000,0,3.8,0,2.1,0.9, 
25-mar-2013,0,0.000,0,6.6,0,1.5,0.5, 
26-mar-2013,0,0.000,0,4.6,1,-0.2,-1.2, 
27-mar-2013,0,0.000,0,5.7,1,-0.4,-2.0, 
28-mar-2013,0,0.000,0,5.7,1,-0.6,-3.2, 
29-mar-2013,0,0.000,0,7.2,0,1.1,-0.6, 
30-mar-2013,0,0.000,0,7.7,1,-0.6,-3.9, 
31-mar-2013,0,0.800,0,5.2,0,1.4,-0.6, 
01-apr-2013,0,0.000,0,7.4,0,1.8,0.0, 
02-apr-2013,0,0.000,0,10.1,0,1.2,-1.5, 
03-apr-2013,0,0.000,0,10.5,1,-1.8,-6.4, 
04-apr-2013,0,0.000,0,10.7,1,-3.0,-7.0, 
05-apr-2013,0,0.000,0,10.6,1,-4.2,-7.9, 
06-apr-2013,0,0.000,0,10.7,1,-0.6,-4.0, 
07-apr-2013,0,0.000,0,8.7,0,1.8,-1.7, 
08-apr-2013,0,0.000,0,9.8,0,4.2,3.0, 
09-apr-2013,0,0.000,0,10.2,0,3.2,1.6, 
10-apr-2013,0,15.800,0,13.4,0,4.0,2.2, 
11-apr-2013,0,8.600,0,10.6,0,6.3,4.9, 
12-apr-2013,0,0.000,0,11.7,0,2.2,-1.0, 
13-apr-2013,0,29.900,0,12.7,1,-0.4,-4.6, 
14-apr-2013,0,7.300,0,12.3,0,6.8,6.4, 
15-apr-2013,0,22.800,0,12.4,0,8.2,5.9, 
16-apr-2013,0,32.800,0,12.7,0,7.8,6.5, 
17-apr-2013,0,36.000,0,13.1,0,6.0,2.0, 
18-apr-2013,0,10.200,0,9.9,0,6.7,5.0, 
19-apr-2013,0,0.000,0,12.3,0,5.1,2.5, 
20-apr-2013,0,8.300,0,12.1,0,6.7,4.2, 
21-apr-2013,0,6.800,0,11.6,0,6.4,4.5, 
22-apr-2013,0,0.300,0,12.3,0,7.0,6.5, 
23-apr-2013,0,13.000,0,13.7,0,9.0,6.9, 
24-apr-2013,0,5.100,0,11.1,0,7.1,7.2, 
25-apr-2013,0,6.500,0,11.1,0,4.5,4.3, 
26-apr-2013,0,2.000,0,12.2,0,3.1,1.1, 
27-apr-2013,0,3.700,0,11.7,0,2.8,0.8, 
28-apr-2013,0,3.900,0,10.4,0,3.8,1.6, 
29-apr-2013,0,0.600,0,11.4,0,4.9,3.1, 
30-apr-2013,0,3.700,0,12.0,0,1.6,-1.6, 
01-may-2013,0,0.000,0,13.0,0,7.5,5.9, 
02-may-2013,0,16.800,0,12.3,0,7.0,6.1, 
03-may-2013,0,16.400,0,11.5,0,9.4,8.8, 
04-may-2013,0,8.100,0,13.0,0,5.2,3.1, 
05-may-2013,0,25.000,0,12.0,0,8.9,8.5, 
06-may-2013,0,1.800,0,15.3,0,9.5,9.0, 
07-may-2013,0,25.000,0,16.4,0,9.4,8.3, 
08-may-2013,0,35.500,0,11.4,0,10.1,9.5, 
09-may-2013,0,10.500,0,11.6,0,6.0,5.5, 
10-may-2013,0,13.600,0,11.2,0,7.2,6.8, 
11-may-2013,0,14.900,0,11.2,0,5.2,4.0, 
12-may-2013,0,6.500,0,12.1,0,5.6,4.9, 
13-may-2013,0,3.600,0,9.9,0,5.4,3.2, 
14-may-2013,0,10.900,0,11.6,0,5.2,2.6, 
15-may-2013,0,9.500,0,11.0,0,4.7,4.2, 
16-may-2013,0,1.800,0,13.1,0,5.0,4.7, 
17-may-2013,0,2.200,0,15.6,0,6.6,5.3, 
18-may-2013,0,18.700,0,11.6,0,7.4,5.7, 
19-may-2013,0,0.500,0,16.1,0,7.8,7.5, 
20-may-2013,0,0.000,0,12.9,0,9.2,9.0, 
21-may-2013,0,0.600,0,13.5,0,8.1,7.3, 
22-may-2013,0,0.000,0,13.9,0,6.8,5.1, 
23-may-2013,0,0.000,0,12.6,0,6.7,4.5, 
24-may-2013,0,0.000,0,14.8,0,7.0,5.6, 
25-may-2013,0,13.200,0,11.9,0,6.6,4.6, 
26-may-2013,0,12.500,0,13.2,0,9.5,8.8, 
27-may-2013,0,21.800,0,12.3,0,7.5,6.1, 
28-may-2013,0,1.300,0,14.0,0,6.6,5.9, 
29-may-2013,0,0.000,0,19.5,0,8.5,6.5, 
30-may-2013,0,0.600,0,15.3,2,8.2,5.7, 
31-may-2013,0,0.300,0,14.2,0,9.1,8.1, 
01-jun-2013,0,0.000,0,15.2,0,8.5,7.2, 
02-jun-2013,0,1.300,0,15.4,0,8.9,7.6, 
03-jun-2013,0,0.000,0,18.7,0,10.7,8.4, 
04-jun-2013,0,0.000,0,21.5,0,12.4,10.2, 
05-jun-2013,0,0.000,0,20.5,0,11.5,7.0, 
06-jun-2013,0,0.000,0,22.3,0,8.9,5.5, 
07-jun-2013,0,0.000,0,24.2,0,8.5,6.0, 
08-jun-2013,0,0.000,0,23.9,0,9.0,5.8, 
09-jun-2013,0,0.000,0,23.3,0,8.6,5.9, 
10-jun-2013,0,16.200,0,15.7,0,11.5,9.6, 
11-jun-2013,0,6.900,0,16.4,0,12.3,11.5, 
12-jun-2013,0,4.400,0,17.2,0,6.5,3.4, 
13-jun-2013,0,17.100,0,14.9,0,9.6,9.0, 
14-jun-2013,0,23.400,0,13.6,0,10.2,9.0, 
15-jun-2013,0,3.600,0,15.4,0,8.1,6.5, 
16-jun-2013,0,0.000,0,16.0,0,7.0,4.9, 
17-jun-2013,0,0.000,0,17.5,0,11.9,10.5, 
18-jun-2013,0,0.000,0,16.9,0,9.2,7.0, 
19-jun-2013,0,0.000,0,16.3,0,8.5,5.5, 
20-jun-2013,0,3.500,0,16.3,0,11.8,10.9, 
21-jun-2013,0,10.800,0,15.3,0,9.1,6.5, 
22-jun-2013,0,8.000,0,13.7,0,10.6,9.6, 
23-jun-2013,0,0.900,0,14.5,0,10.2,8.9, 
24-jun-2013,0,0.100,0,16.6,0,9.5,7.6, 
25-jun-2013,0,0.200,0,16.4,0,9.1,6.1, 
26-jun-2013,0,0.000,0,18.1,0,5.1,2.3, 
27-jun-2013,0,3.300,0,19.3,0,9.5,6.6, 
28-jun-2013,0,9.200,0,16.4,0,12.0,11.7, 
29-jun-2013,0,5.500,0,17.6,0,10.6,9.1, 
30-jun-2013,0,1.300,0,14.5,0,12.5,11.8, 
01-jul-2013,0,11.800,0,15.2,0,10.5,8.6, 
02-jul-2013,0,14.300,0,14.3,0,10.5,9.5, 
03-jul-2013,0,27.000,0,15.7,0,11.1,10.1, 
04-jul-2013,0,0.000,2,15.5,0,11.4,11.8, 
05-jul-2013,0,0.600,0,17.8,0,12.1,10.5, 
06-jul-2013,0,2.100,0,18.5,0,11.7,9.1, 
07-jul-2013,0,0.000,0,23.3,0,13.8,13.5, 
08-jul-2013,0,0.000,0,28.3,0,12.4,10.4, 
09-jul-2013,0,0.000,0,28.6,0,13.8,11.4, 
10-jul-2013,0,0.000,0,28.0,0,12.8,11.5, 
11-jul-2013,0,0.000,0,28.4,0,13.4,12.2, 
12-jul-2013,0,0.000,0,26.0,0,14.1,13.0, 
13-jul-2013,0,0.000,0,23.7,0,13.1,12.3, 
14-jul-2013,0,0.000,0,20.1,0,11.6,10.2, 
15-jul-2013,0,0.000,0,20.0,0,14.0,13.9, 
16-jul-2013,0,0.000,0,22.3,0,15.9,15.2, 
17-jul-2013,0,0.000,0,22.1,0,11.8,9.4, 
18-jul-2013,0,0.000,0,25.5,0,12.3,10.5, 
19-jul-2013,0,0.000,0,28.0,0,13.5,11.1, 
20-jul-2013,0,0.000,0,28.2,0,16.8,13.4, 
21-jul-2013,0,0.000,0,23.2,0,15.5,13.4, 
22-jul-2013,0,1.100,0,23.7,0,16.4,15.2, 
23-jul-2013,0,8.000,0,21.3,0,15.2,14.5, 
24-jul-2013,0,26.300,0,19.4,0,14.9,14.3, 
25-jul-2013,0,5.400,0,20.9,0,10.2,7.6, 
26-jul-2013,0,2.100,0,22.7,0,10.6,8.0, 
27-jul-2013,0,0.900,0,21.0,0,13.9,12.0, 
28-jul-2013,0,9.700,0,22.1,0,13.8,10.4, 
29-jul-2013,0,10.500,0,18.8,0,13.1,11.4, 
30-jul-2013,0,2.200,0,18.6,0,12.0,9.8, 
31-jul-2013,0,31.000,0,18.0,0,10.2,8.2, 
01-aug-2013,0,10.200,0,21.7,0,13.7,12.4, 
02-aug-2013,0,5.300,0,17.7,0,14.6,13.2, 
03-aug-2013,0,3.900,0,17.8,0,12.0,10.5, 
04-aug-2013,0,0.100,0,19.8,0,11.2,7.8, 
05-aug-2013,0,0.000,0,18.1,0,10.9,7.2, 
06-aug-2013,0,1.600,0,19.7,0,11.4,9.1, 
07-aug-2013,0,0.400,0,20.2,0,12.5,11.3, 
08-aug-2013,0,6.500,2,18.8,0,11.0,7.5, 
09-aug-2013,0,0.000,0,17.2,0,13.1,10.7, 
10-aug-2013,0,4.200,0,17.4,0,12.7,10.8, 
11-aug-2013,0,4.700,0,16.8,0,12.6,10.7, 
12-aug-2013,0,4.800,0,16.5,0,11.1,10.9, 
13-aug-2013,0,0.800,0,18.2,0,12.6,12.7, 
14-aug-2013,0,4.400,0,19.8,0,14.0,12.9, 
15-aug-2013,0,4.600,0,18.9,0,15.6,15.5, 
16-aug-2013,0,15.900,0,19.3,0,13.3,11.2, 
17-aug-2013,0,2.200,0,17.7,0,13.8,13.4, 
18-aug-2013,0,2.600,0,16.3,0,11.9,9.5, 
19-aug-2013,0,0.000,0,18.1,0,11.7,11.4, 
20-aug-2013,0,34.200,0,17.9,0,14.7,13.6, 
21-aug-2013,0,0.600,0,17.6,0,14.2,13.9, 
22-aug-2013,0,3.400,0,21.6,0,12.1,10.1, 
23-aug-2013,0,0.800,0,17.2,0,14.0,13.4, 
24-aug-2013,0,9.300,0,16.4,0,10.7,7.6, 
25-aug-2013,4,0.000,0,17.4,0,12.8,11.3, 
26-aug-2013,0,1.100,0,18.3,0,12.8,11.9, 
27-aug-2013,0,0.500,0,19.1,0,14.1,11.9, 
28-aug-2013,0,2.500,0,18.3,0,11.6,10.2, 
29-aug-2013,0,1.800,0,18.3,0,13.9,13.1, 
30-aug-2013,0,1.600,0,16.0,0,13.9,13.2, 
31-aug-2013,0,0.900,0,15.7,0,12.1,9.3, 
01-sep-2013,0,3.800,0,16.8,0,12.5,10.6, 
02-sep-2013,0,0.300,0,17.1,0,14.0,12.9, 
03-sep-2013,0,0.000,0,18.2,0,14.4,12.2, 
04-sep-2013,0,9.300,0,17.3,0,14.5,12.6, 
05-sep-2013,0,2.600,0,15.5,0,9.2,6.0, 
06-sep-2013,0,6.300,0,14.8,0,7.0,3.3, 
07-sep-2013,0,7.300,0,12.6,0,9.0,6.9, 
08-sep-2013,0,0.000,0,15.1,0,8.9,7.3, 
09-sep-2013,0,2.400,0,16.4,0,8.7,7.0, 
10-sep-2013,0,4.100,0,15.9,0,11.9,9.5, 
11-sep-2013,0,9.400,0,16.8,0,12.4,11.4, 
12-sep-2013,0,12.400,0,17.0,0,14.9,14.0, 
13-sep-2013,0,0.300,0,16.1,0,9.5,6.5, 
14-sep-2013,0,14.800,0,16.3,0,6.5,2.6, 
15-sep-2013,0,9.500,0,15.2,0,10.4,10.4, 
16-sep-2013,0,16.900,0,14.9,0,6.8,5.1, 
17-sep-2013,0,4.800,0,15.5,0,9.0,7.3, 
18-sep-2013,0,13.400,0,16.0,0,9.1,7.5, 
19-sep-2013,0,0.000,0,14.5,0,10.0,8.4, 
20-sep-2013,0,0.000,0,17.3,0,11.0,7.0, 
21-sep-2013,0,0.900,0,18.1,0,12.5,8.9, 
22-sep-2013,0,0.000,0,22.2,0,14.9,13.5, 
23-sep-2013,0,0.000,0,23.6,0,15.2,10.4, 
24-sep-2013,0,0.000,0,19.3,0,14.5,9.9, 
25-sep-2013,0,0.000,0,20.4,0,11.0,7.4, 
26-sep-2013,0,0.000,0,18.1,0,14.0,12.6, 
27-sep-2013,0,0.000,0,21.0,0,13.1,9.3, 
28-sep-2013,0,1.100,0,21.6,0,14.0,10.7, 
29-sep-2013,0,3.400,0,17.4,0,14.4,11.7, 
30-sep-2013,0,11.900,0,17.2,0,14.3,11.0, 
01-oct-2013,0,14.600,0,19.5,0,15.2,13.2, 
02-oct-2013,0,2.200,0,20.3,0,15.5,14.0, 
03-oct-2013,0,0.800,0,19.7,0,16.2,14.0, 
04-oct-2013,0,1.400,0,16.1,0,13.0,10.3, 
05-oct-2013,0,10.200,0,17.2,0,12.2,8.6, 
06-oct-2013,0,5.200,0,18.0,0,15.2,13.4, 
07-oct-2013,0,15.100,0,17.2,0,15.6,14.5, 
08-oct-2013,0,1.800,0,15.0,0,12.2,10.4, 
09-oct-2013,0,1.000,0,12.6,0,11.4,8.6, 
10-oct-2013,0,0.000,0,13.1,0,8.3,5.3, 
11-oct-2013,0,0.000,0,14.1,0,3.9,-1.3, 
12-oct-2013,0,0.000,0,11.8,0,4.8,0.1, 
13-oct-2013,0,0.000,0,13.7,0,9.0,7.5, 
14-oct-2013,0,0.000,0,14.8,0,4.8,0.5, 
15-oct-2013,0,11.800,0,14.6,0,6.0,1.2, 
16-oct-2013,0,1.800,0,15.2,0,7.7,5.5, 
17-oct-2013,0,1.300,0,16.6,0,10.6,6.6, 
18-oct-2013,0,5.700,0,16.2,0,12.6,10.4, 
19-oct-2013,0,3.600,0,15.2,0,12.9,10.0, 
20-oct-2013,0,0.900,0,16.2,0,10.5,6.7, 
21-oct-2013,0,16.400,0,15.7,0,9.1,4.9, 
22-oct-2013,0,7.200,0,15.6,0,11.0,9.5, 
23-oct-2013,0,0.400,0,13.0,0,8.7,5.4, 
24-oct-2013,0,30.200,0,15.6,0,3.0,-1.8, 
25-oct-2013,0,16.300,0,14.5,0,11.5,9.6, 
26-oct-2013,0,37.400,0,14.0,0,9.9,7.0, 
27-oct-2013,0,5.000,0,14.2,0,9.0,6.4, 
28-oct-2013,0,10.800,0,11.0,0,8.3,6.8, 
29-oct-2013,0,5.600,0,12.2,0,7.8,4.6, 
30-oct-2013,0,5.000,0,14.1,0,6.0,1.2, 
31-oct-2013,0,8.400,0,11.9,0,8.5,5.6, 
01-nov-2013,0,18.500,0,12.7,0,7.2,3.2, 
02-nov-2013,0,11.900,0,10.2,0,2.4,-1.9, 
03-nov-2013,0,0.000,0,12.4,0,6.6,3.1, 
04-nov-2013,0,6.900,0,11.1,1,-0.4,-5.4, 
05-nov-2013,0,8.300,0,10.7,0,1.0,-1.7, 
06-nov-2013,0,7.400,0,9.8,0,7.2,5.0, 
07-nov-2013,0,5.500,0,11.9,0,6.0,2.2, 
08-nov-2013,0,10.600,0,9.9,0,4.8,1.0, 
09-nov-2013,0,3.500,0,9.3,0,4.8,0.2, 
10-nov-2013,0,28.100,0,14.0,0,2.7,-1.2, 
11-nov-2013,0,2.400,0,13.4,0,7.1,5.0, 
12-nov-2013,0,0.000,0,11.6,0,7.9,4.3, 
13-nov-2013,0,10.000,0,12.5,0,7.0,2.5, 
14-nov-2013,0,0.000,0,11.0,0,8.4,6.0, 
15-nov-2013,0,0.000,0,12.5,0,8.4,6.2, 
16-nov-2013,0,8.900,0,12.7,0,10.6,9.0, 
17-nov-2013,0,5.500,0,10.1,0,8.4,6.4, 
18-nov-2013,0,3.300,0,7.9,0,6.2,2.4, 
19-nov-2013,0,6.200,0,10.1,0,2.4,-0.7, 
20-nov-2013,0,1.900,0,8.5,0,4.6,1.0, 
21-nov-2013,0,1.500,0,6.7,0,4.5,1.6, 
22-nov-2013,0,0.100,0,9.2,0,2.9,-0.8, 
23-nov-2013,0,1.300,0,9.6,0,3.0,-0.8, 
24-nov-2013,0,0.300,0,9.5,0,4.2,0.9, 
25-nov-2013,0,0.000,0,9.5,0,5.2,3.2, 
26-nov-2013,0,0.000,0,11.2,0,4.6,2.1, 
27-nov-2013,0,0.000,0,11.7,0,8.1,4.5, 
28-nov-2013,0,1.100,0,11.7,0,8.3,5.1, 
29-nov-2013,0,0.400,0,9.8,0,8.2,4.5, 
30-nov-2013,0,0.500,0,9.9,0,7.1,4.5, 
01-dec-2013,0,0.000,0,10.3,0,7.4,4.6, 
02-dec-2013,0,1.500,0,11.5,0,7.1,5.9, 
03-dec-2013,0,5.800,0,11.9,0,7.5,5.5, 
04-dec-2013,0,4.500,0,11.0,0,4.8,0.4, 
05-dec-2013,0,4.600,0,10.6,0,6.9,4.0, 
06-dec-2013,0,3.500,0,10.8,0,6.8,4.2, 
07-dec-2013,0,1.800,0,12.6,0,6.7,3.0, 
08-dec-2013,0,0.500,0,13.2,0,9.7,7.5, 
09-dec-2013,0,0.000,0,12.8,0,11.1,9.2, 
10-dec-2013,0,8.900,0,14.0,0,9.6,8.0, 
11-dec-2013,0,27.300,0,13.8,0,11.0,8.6, 
12-dec-2013,0,22.000,0,14.2,0,10.9,8.7, 
13-dec-2013,0,53.000,0,11.7,0,8.8,6.2, 
14-dec-2013,0,36.000,0,12.6,0,6.2,2.5, 
15-dec-2013,0,7.500,0,10.5,0,6.5,3.8, 
16-dec-2013,0,3.500,0,9.0,0,4.1,0.3, 
17-dec-2013,0,28.800,0,11.3,0,4.0,-0.5, 
18-dec-2013,0,32.900,0,11.7,0,3.9,3.9, 
19-dec-2013,0,14.200,0,9.6,0,2.3,-1.1, 
20-dec-2013,0,43.100,0,11.7,0,2.1,-0.5, 
21-dec-2013,0,6.500,0,8.5,0,5.0,2.9, 
22-dec-2013,0,17.800,0,11.1,0,2.9,-0.5, 
23-dec-2013,0,31.200,0,11.2,0,2.9,-1.2, 
24-dec-2013,0,0.600,0,8.5,0,2.0,-0.5, 
25-dec-2013,0,14.100,0,7.9,0,4.6,-0.5, 
26-dec-2013,0,35.500,0,9.8,0,2.0,-2.5, 
27-dec-2013,0,21.000,0,8.6,0,1.9,-1.9, 
28-dec-2013,0,6.600,0,8.0,0,1.8,-2.4, 
29-dec-2013,0,43.500,0,10.2,0,3.2,-0.6, 
30-dec-2013,0,16.500,0,9.1,0,5.4,2.5, 
31-dec-2013,0,10.900,0,8.4,0,3.1,0.3, 
01-jan-2014,0,6.900,0,9.3,0,4.4,2.3, 
02-jan-2014,0,44.600,0,9.4,0,5.6,2.8, 
03-jan-2014,0,20.200,0,8.7,0,5.6,4.0, 
04-jan-2014,0,15.500,0,8.9,0,1.5,-1.4, 
05-jan-2014,0,34.300,0,11.5,0,2.7,-1.3, 
06-jan-2014,0,25.500,0,10.5,0,6.0,4.9, 
07-jan-2014,0,5.600,0,9.9,0,6.8,3.8, 
08-jan-2014,0,1.600,0,8.5,0,2.6,-1.3, 
09-jan-2014,0,17.100,0,9.2,1,-0.1,-4.9, 
10-jan-2014,0,5.100,0,8.8,0,4.0,0.3, 
11-jan-2014,0,11.400,0,11.2,0,1.4,-3.0, 
12-jan-2014,0,28.800,0,9.6,0,2.4,0.0, 
13-jan-2014,0,1.700,0,7.9,0,4.0,2.2, 
14-jan-2014,0,42.500,0,11.2,0,0.7,-3.9, 
15-jan-2014,0,2.300,0,8.9,0,5.2,3.9, 
16-jan-2014,0,2.900,0,8.4,0,6.0,4.0, 
17-jan-2014,0,5.200,0,8.8,0,2.2,-1.7, 
18-jan-2014,0,3.500,0,6.3,1,-0.1,-4.2, 
19-jan-2014,0,16.000,0,7.6,0,0.8,-1.9, 
20-jan-2014,0,9.400,0,9.1,0,2.3,-1.1, 
21-jan-2014,0,13.900,0,9.5,0,2.8,0.1, 
22-jan-2014,0,7.700,0,9.4,0,6.7,4.2, 
23-jan-2014,0,64.900,0,12.5,0,5.2,2.7, 
24-jan-2014,0,15.600,0,12.2,0,5.1,1.7, 
25-jan-2014,0,38.800,0,11.7,0,7.0,4.5, 
26-jan-2014,0,10.000,0,8.6,0,5.2,2.0, 
27-jan-2014,0,14.300,0,9.3,0,3.4,0.5, 
28-jan-2014,0,3.100,0,8.3,0,6.0,3.6, 
29-jan-2014,0,2.500,0,8.1,0,4.5,2.0, 
30-jan-2014,0,25.600,0,7.9,0,2.4,-1.5, 
31-jan-2014,0,26.800,0,9.0,0,3.5,2.0, 
01-feb-2014,0,19.600,0,9.7,0,0.5,-1.4, 
02-feb-2014,0,22.500,0,9.7,0,4.8,0.8, 
03-feb-2014,0,3.000,0,7.6,0,4.0,1.5, 
04-feb-2014,0,32.000,0,8.8,0,2.0,-2.4, 
05-feb-2014,0,11.000,0,9.0,0,3.5,0.9, 
06-feb-2014,0,3.000,0,7.2,0,5.5,2.0, 
07-feb-2014,0,33.500,0,8.8,1,-0.4,-5.0, 
08-feb-2014,0,20.100,0,8.9,0,1.6,-1.7, 
09-feb-2014,0,8.400,0,9.0,0,4.6,1.7, 
10-feb-2014,0,15.000,0,8.2,0,0.1,-4.5, 
11-feb-2014,0,35.300,0,6.4,0,1.5,-1.6, 
12-feb-2014,0,17.500,0,7.1,0,1.0,-1.1, 
13-feb-2014,0,11.100,0,8.7,0,2.5,-0.8, 
14-feb-2014,0,41.600,0,7.1,0,2.5,-0.8, 
15-feb-2014,0,0.800,0,9.5,0,0.8,-1.6, 
16-feb-2014,0,13.800,0,8.4,1,-0.6,-4.8, 
17-feb-2014,0,0.000,0,11.4,0,5.5,2.2, 
18-feb-2014,0,2.200,0,11.9,0,3.9,-0.5, 
19-feb-2014,0,62.500,0,10.6,0,7.0,3.9, 
20-feb-2014,0,6.000,0,8.2,0,5.1,3.5, 
21-feb-2014,0,8.000,0,9.1,0,3.7,0.6, 
22-feb-2014,0,66.200,0,10.9,0,5.5,2.6, 
23-feb-2014,0,4.800,0,10.0,0,7.0,2.4, 
24-feb-2014,0,26.500,0,7.6,0,3.9,0.0, 
25-feb-2014,0,4.900,0,9.7,0,5.0,2.7, 
26-feb-2014,0,19.000,0,10.1,0,5.5,3.0, 
27-feb-2014,0,4.300,0,9.0,0,6.0,2.0, 
28-feb-2014,0,5.100,0,8.6,0,2.5,-0.7, 
01-mar-2014,0,11.800,0,9.3,0,2.5,-1.7, 
02-mar-2014,0,6.900,0,8.5,0,1.5,-3.0, 
03-mar-2014,0,12.000,0,9.7,0,1.4,-2.1, 
04-mar-2014,0,0.100,0,10.1,0,3.2,0.9, 
05-mar-2014,0,14.000,0,10.4,0,3.2,-2.5, 
06-mar-2014,0,14.000,0,10.6,0,7.4,5.2, 
07-mar-2014,0,7.800,0,11.0,0,5.7,2.7, 
08-mar-2014,0,11.500,0,10.9,0,4.9,0.5, 
09-mar-2014,0,0.800,0,10.7,0,5.5,3.3, 
10-mar-2014,0,0.000,0,11.1,0,0.6,-4.1, 
11-mar-2014,0,0.000,0,13.7,0,0.2,-5.0, 
12-mar-2014,0,0.000,0,9.0,0,0.5,-4.1, 
13-mar-2014,0,0.000,0,11.4,0,6.9,5.5, 
14-mar-2014,0,0.000,0,11.7,0,6.7,5.5, 
15-mar-2014,0,0.100,0,13.3,0,7.0,2.6, 
16-mar-2014,0,1.900,0,10.6,0,7.4,4.5, 
17-mar-2014,0,3.800,0,11.2,0,7.2,5.0, 
18-mar-2014,0,1.300,0,11.3,0,7.9,4.9, 
19-mar-2014,0,30.000,0,11.5,0,9.1,6.5, 
20-mar-2014,0,4.000,0,8.9,0,5.9,3.2, 
21-mar-2014,0,18.300,0,7.2,0,4.5,1.0, 
22-mar-2014,0,8.000,0,8.7,0,2.0,-1.1, 
23-mar-2014,0,8.900,0,11.0,0,4.1,0.7, 
24-mar-2014,0,13.900,0,10.6,0,4.1,1.4, 
25-mar-2014,0,0.000,0,10.8,0,5.5,2.0, 
26-mar-2014,0,0.400,0,11.3,0,5.7,2.0, 
27-mar-2014,0,1.100,0,10.0,0,4.0,0.1, 
28-mar-2014,0,3.300,0,8.0,0,3.4,-2.0, 
29-mar-2014,0,14.400,0,10.4,0,5.0,2.9, 
30-mar-2014,0,8.800,0,13.5,0,5.6,2.7, 
31-mar-2014,0,1.100,0,14.1,0,7.5,4.9, 
01-apr-2014,0,11.500,0,16.2,0,7.0,3.9, 
02-apr-2014,0,7.300,0,13.5,0,4.0,1.0, 
03-apr-2014,0,1.500,0,14.5,0,10.0,6.0, 
04-apr-2014,0,6.000,0,14.1,0,8.5,5.7, 
05-apr-2014,0,34.900,0,14.3,0,8.0,6.1, 
06-apr-2014,0,3.900,0,12.3,0,8.4,6.4, 
07-apr-2014,0,5.700,0,9.7,0,6.2,1.4, 
08-apr-2014,0,0.200,0,11.5,0,5.3,1.4, 
09-apr-2014,0,2.200,0,12.7,0,8.5,5.6, 
10-apr-2014,0,0.300,0,11.3,0,7.8,6.1, 
11-apr-2014,0,3.200,0,11.2,0,4.2,-0.9, 
12-apr-2014,0,0.000,0,10.6,0,8.5,6.3, 
13-apr-2014,0,0.000,0,11.7,0,8.0,4.9, 
14-apr-2014,0,0.000,0,15.2,0,5.6,0.6, 
15-apr-2014,0,0.500,0,17.7,0,4.2,-0.4, 
16-apr-2014,0,1.300,0,12.3,0,8.6,5.2, 
17-apr-2014,0,0.000,0,11.6,0,8.5,8.5, 
18-apr-2014,0,0.500,0,13.8,0,6.5,3.2, 
19-apr-2014,0,0.000,0,16.2,0,6.5,2.1, 
20-apr-2014,0,0.200,0,16.7,0,3.1,-2.5, 
21-apr-2014,0,0.000,0,18.1,0,8.4,7.1, 
22-apr-2014,0,6.500,0,14.3,0,9.7,5.5, 
23-apr-2014,0,3.100,0,14.9,0,9.0,7.0, 
24-apr-2014,0,2.300,0,15.0,0,7.8,5.0, 
25-apr-2014,0,17.200,0,15.5,0,8.0,2.3, 
26-apr-2014,0,13.100,0,13.0,0,8.0,5.5, 
27-apr-2014,0,0.000,0,17.7,0,7.5,4.2, 
28-apr-2014,0,0.000,0,18.2,0,3.7,-1.3, 
29-apr-2014,0,2.000,0,18.1,0,9.2,5.4, 
30-apr-2014,0,11.800,0,14.4,0,10.3,5.1, 
01-may-2014,0,0.700,0,16.6,0,9.9,7.6, 
02-may-2014,0,2.900,0,15.2,0,10.7,9.0, 
03-may-2014,0,4.900,0,15.6,0,11.2,9.0, 
04-may-2014,0,12.900,0,12.2,0,10.9,8.9, 
05-may-2014,0,10.100,0,12.7,0,10.0,7.5, 
06-may-2014,0,19.900,0,12.3,0,10.1,7.0, 
07-may-2014,0,11.500,0,12.7,0,8.6,6.0, 
08-may-2014,0,12.900,0,12.7,0,9.2,7.5, 
09-may-2014,0,12.700,0,12.5,0,8.9,5.7, 
10-may-2014,0,41.100,0,12.5,0,9.1,6.5, 
11-may-2014,0,15.700,0,13.0,0,9.0,6.2, 
12-may-2014,0,1.800,0,14.4,0,7.1,4.2, 
13-may-2014,0,4.500,0,14.1,0,9.1,5.5, 
14-may-2014,0,0.500,0,14.9,0,10.0,7.1, 
15-may-2014,0,0.000,0,16.2,0,11.3,9.4, 
16-may-2014,0,6.400,0,17.5,0,9.0,4.5, 
17-may-2014,0,35.100,0,12.6,0,10.7,8.9, 
18-may-2014,0,0.400,0,12.6,0,8.0,5.9, 
19-may-2014,0,6.900,0,14.8,0,3.5,-1.8, 
20-may-2014,0,21.500,0,16.8,0,9.7,7.7, 
21-may-2014,0,16.500,0,12.2,0,9.6,5.9, 
22-may-2014,0,40.200,0,10.8,0,7.0,4.5, 
23-may-2014,0,5.100,0,12.1,0,8.2,5.4, 
24-may-2014,0,0.000,0,13.0,0,7.5,4.4, 
25-may-2014,0,0.000,0,14.8,0,8.0,3.4, 
26-may-2014,0,0.000,0,15.7,0,9.0,6.6, 
27-may-2014,0,0.000,0,16.7,0,8.4,4.8, 
28-may-2014,0,0.000,0,19.5,0,5.2,0.2, 
29-may-2014,0,0.000,0,19.5,0,7.7,3.4, 
30-may-2014,0,1.500,0,18.0,0,5.3,2.5, 
31-may-2014,0,0.000,0,17.0,0,6.2,3.9, 
01-jun-2014,0,13.500,0,15.2,0,13.0,10.4, 
02-jun-2014,0,3.500,0,15.2,0,10.5,8.5, 
03-jun-2014,0,7.400,0,14.4,0,9.5,6.4, 
04-jun-2014,0,0.000,0,14.9,0,6.7,2.3, 
05-jun-2014,0,0.300,0,16.5,0,2.4,-2.1, 
06-jun-2014,0,10.100,0,16.7,0,8.3,4.4, 
07-jun-2014,0,8.700,0,19.6,0,12.4,9.5, 
08-jun-2014,0,1.400,0,18.4,0,11.2,6.9, 
09-jun-2014,0,17.400,0,19.1,0,12.5,8.1, 
10-jun-2014,0,0.300,0,18.8,0,11.1,8.8, 
11-jun-2014,0,0.000,0,17.1,0,8.7,3.9, 
12-jun-2014,0,8.500,0,18.0,0,11.9,7.1, 
13-jun-2014,0,0.900,0,17.3,0,13.3,9.5, 
14-jun-2014,0,0.000,0,20.0,0,13.0,10.0, 
15-jun-2014,0,0.000,0,20.9,0,9.0,5.0, 
16-jun-2014,0,0.000,0,22.7,0,13.0,8.1, 
17-jun-2014,0,0.000,0,24.9,0,11.9,6.3, 
18-jun-2014,0,0.000,0,24.3,0,11.2,6.6, 
19-jun-2014,0,0.000,0,20.0,0,13.3,8.5, 
20-jun-2014,0,0.000,0,18.7,0,13.1,10.2, 
21-jun-2014,0,0.000,0,18.2,0,9.2,4.1, 
22-jun-2014,0,0.000,0,18.3,0,11.4,6.5, 
23-jun-2014,0,0.000,0,21.6,0,8.0,3.0, 
24-jun-2014,0,0.000,0,21.4,0,9.7,4.7, 
25-jun-2014,0,7.000,0,21.3,0,13.6,10.5, 
26-jun-2014,0,6.200,0,18.0,0,14.0,11.7, 
27-jun-2014,0,0.000,0,19.8,0,12.2,10.1, 
28-jun-2014,0,0.000,0,19.3,0,11.7,6.9, 
29-jun-2014,0,0.000,0,19.2,0,10.8,5.2, 
30-jun-2014,0,0.000,0,21.4,0,11.4,5.5, 
01-jul-2014,0,0.000,0,22.9,0,7.8,2.6, 
02-jul-2014,0,4.000,0,19.0,0,11.7,7.6, 
03-jul-2014,0,21.300,0,17.0,0,11.8,7.7, 
04-jul-2014,0,11.500,0,17.4,0,13.4,11.4, 
05-jul-2014,0,8.200,0,15.9,0,8.3,5.3, 
06-jul-2014,0,4.500,0,15.5,0,9.6,7.2, 
07-jul-2014,0,5.400,0,16.8,0,10.4,7.4, 
08-jul-2014,0,0.300,0,17.8,0,10.7,6.8, 
09-jul-2014,0,4.500,0,16.5,0,9.3,6.0, 
10-jul-2014,0,0.300,0,18.1,0,14.0,12.0, 
11-jul-2014,0,2.800,0,17.7,0,14.9,12.6, 
12-jul-2014,0,6.300,0,16.7,0,15.0,12.4, 
13-jul-2014,0,17.000,0,17.8,0,11.5,8.7, 
14-jul-2014,0,4.700,0,16.9,0,13.6,9.9, 
15-jul-2014,0,28.800,0,18.4,0,8.3,3.1, 
16-jul-2014,0,2.500,0,18.3,0,14.2,10.9, 
17-jul-2014,0,3.600,0,19.9,0,11.6,7.0, 
18-jul-2014,0,0.200,0,22.2,0,15.7,13.0, 
19-jul-2014,0,0.000,0,20.5,0,14.9,10.5, 
20-jul-2014,0,0.800,0,18.8,0,14.5,11.6, 
21-jul-2014,0,2.000,0,20.0,0,15.2,12.3, 
22-jul-2014,0,7.300,0,21.0,0,16.0,14.1, 
23-jul-2014,0,5.300,0,21.7,0,17.1,14.5, 
24-jul-2014,0,9.800,0,24.0,0,16.8,13.8, 
25-jul-2014,0,0.200,0,23.8,0,13.5,9.6, 
26-jul-2014,0,0.000,0,20.0,0,16.1,13.4, 
27-jul-2014,0,0.000,0,18.8,0,14.8,10.8, 
28-jul-2014,0,3.200,0,19.0,0,14.5,10.5, 
29-jul-2014,0,0.000,0,17.1,0,13.7,10.1, 
30-jul-2014,0,0.000,0,18.0,0,14.6,10.6, 
31-jul-2014,0,1.800,0,18.1,0,14.3,10.3, 
01-aug-2014,0,1.100,0,18.0,0,13.1,10.6, 
02-aug-2014,0,1.200,0,18.2,0,11.5,9.8, 
03-aug-2014,0,0.000,0,17.5,0,11.4,10.0, 
04-aug-2014,0,0.800,0,20.7,0,8.2,6.0, 
05-aug-2014,1,3.200,0,20.5,0,13.8,11.7, 
06-aug-2014,1,3.400,0,18.0,0,13.6,11.5, 
07-aug-2014,0,3.000,0,19.7,0,10.0,7.7, 
08-aug-2014,0,8.200,0,18.9,0,11.7,9.9, 
09-aug-2014,0,5.500,0,18.6,0,10.8,7.8, 
10-aug-2014,0,6.200,0,16.1,0,9.0,6.0, 
11-aug-2014,0,20.400,0,16.8,0,10.6,6.1, 
12-aug-2014,0,4.500,0,17.5,0,11.2,10.3, 
13-aug-2014,0,13.500,0,16.7,0,13.1,10.3, 
14-aug-2014,0,7.900,0,17.9,0,11.7,11.7, 
15-aug-2014,0,0.300,0,18.1,0,12.2,10.7, 
16-aug-2014,1,4.900,0,17.4,0,13.0,11.0, 
17-aug-2014,1,3.900,0,16.7,0,12.1,10.2, 
18-aug-2014,0,3.900,0,16.4,0,11.5,10.0, 
19-aug-2014,0,2.700,0,16.4,0,9.9,9.2, 
20-aug-2014,0,1.700,0,17.0,0,9.3,7.7, 
21-aug-2014,0,3.900,0,16.8,0,11.5,10.4, 
22-aug-2014,0,1.100,0,16.2,0,9.6,6.5, 
23-aug-2014,0,2.500,0,16.4,0,8.6,5.1, 
24-aug-2014,0,6.300,0,16.8,0,8.2,5.2, 
25-aug-2014,0,10.500,0,18.1,0,9.7,5.6, 
26-aug-2014,0,1.400,0,17.4,0,14.0,12.9, 
27-aug-2014,0,19.000,0,16.6,0,14.3,13.4, 
28-aug-2014,0,52.400,0,15.5,0,12.0,10.0, 
29-aug-2014,0,19.400,0,16.5,0,12.8,12.2, 
30-aug-2014,0,0.200,0,16.2,0,13.2,12.3, 
31-aug-2014,1,7.500,0,17.0,0,10.5,8.0, 
01-sep-2014,0,0.000,0,16.5,0,12.1,11.5, 
02-sep-2014,0,0.000,0,16.4,0,11.8,11.6, 
03-sep-2014,0,0.000,0,18.9,0,11.5,11.5, 
04-sep-2014,0,0.000,0,20.6,0,13.2,11.5, 
05-sep-2014,0,0.000,0,17.2,0,13.0,11.6, 
06-sep-2014,0,0.000,0,17.1,0,11.6,8.3, 
07-sep-2014,0,0.000,0,16.0,0,8.0,4.9, 
08-sep-2014,0,0.000,0,17.1,0,6.4,2.4, 
09-sep-2014,0,0.000,0,19.7,0,7.0,4.0, 
10-sep-2014,0,0.000,0,21.5,0,7.1,3.1, 
11-sep-2014,0,0.000,0,20.8,0,10.1,6.5, 
12-sep-2014,0,0.000,0,19.5,0,11.7,8.5, 
13-sep-2014,0,0.000,0,21.3,0,11.6,8.2, 
14-sep-2014,0,0.000,0,19.8,0,11.8,7.9, 
15-sep-2014,0,0.000,0,20.6,0,9.7,5.1, 
16-sep-2014,0,0.000,0,18.8,0,8.9,4.5, 
17-sep-2014,0,0.000,0,20.4,0,12.5,8.5, 
18-sep-2014,0,0.000,0,21.0,0,14.5,12.3, 
19-sep-2014,0,0.000,0,20.0,0,14.5,11.8, 
20-sep-2014,0,0.000,0,17.7,0,14.0,10.8, 
21-sep-2014,0,0.000,0,18.9,0,5.0,0.2, 
22-sep-2014,0,5.300,0,18.1,0,6.2,1.2, 
23-sep-2014,0,5.100,0,15.3,0,8.1,4.5, 
24-sep-2014,0,7.500,0,16.7,0,11.4,8.1, 
25-sep-2014,0,7.000,0,17.7,0,14.0,13.2, 
26-sep-2014,0,0.000,0,17.1,0,11.9,6.7, 
27-sep-2014,0,1.500,0,16.9,0,9.9,4.2, 
28-sep-2014,0,0.500,0,19.2,0,14.5,12.2, 
29-sep-2014,0,4.400,0,17.9,0,11.8,8.0, 
30-sep-2014,0,3.300,0,17.8,0,14.4,9.8, 
01-oct-2014,0,0.500,0,15.7,0,11.7,9.2, 
02-oct-2014,0,19.800,0,17.0,0,6.1,2.7, 
03-oct-2014,0,3.000,0,14.2,0,10.6,9.5, 
04-oct-2014,0,7.200,0,13.8,0,7.5,4.6, 
05-oct-2014,0,32.900,0,13.6,0,8.3,6.7, 
06-oct-2014,0,3.500,0,11.8,0,7.0,5.0, 
07-oct-2014,0,6.500,0,13.0,0,3.8,-0.3, 
08-oct-2014,0,4.600,0,15.5,0,5.9,4.3, 
09-oct-2014,0,2.800,0,14.2,0,8.7,4.7, 
10-oct-2014,0,0.200,0,15.3,0,4.3,0.0, 
11-oct-2014,0,0.300,0,14.2,0,4.5,-0.1, 
12-oct-2014,0,0.000,0,16.0,0,3.4,-1.0, 
13-oct-2014,0,0.000,0,14.3,0,3.9,-0.3, 
14-oct-2014,0,6.900,0,13.5,0,4.0,0.5, 
15-oct-2014,0,29.500,0,14.7,0,8.6,6.5, 
16-oct-2014,0,5.000,0,17.8,0,10.2,6.7, 
17-oct-2014,0,14.500,0,16.7,0,12.8,10.6, 
18-oct-2014,0,18.600,0,15.8,0,14.0,12.1, 
19-oct-2014,0,11.400,0,14.0,0,12.8,11.1, 
20-oct-2014,0,26.700,0,14.4,0,10.4,8.9, 
21-oct-2014,0,2.500,0,12.5,0,8.9,5.5, 
22-oct-2014,0,3.600,0,13.4,0,8.3,6.5, 
23-oct-2014,0,6.000,0,14.1,0,11.9,9.7, 
24-oct-2014,0,7.000,0,12.9,0,9.0,5.9, 
25-oct-2014,0,5.000,0,13.2,0,9.4,7.1, 
26-oct-2014,0,9.800,0,15.1,0,10.5,8.8, 
27-oct-2014,0,34.800,0,15.7,0,12.7,10.2, 
28-oct-2014,0,0.200,0,12.4,0,8.4,7.3, 
29-oct-2014,0,3.600,0,14.7,0,2.2,-1.5, 
30-oct-2014,0,34.200,0,16.2,0,8.8,4.3, 
31-oct-2014,0,11.000,0,14.6,0,13.2,11.7, 
01-nov-2014,0,30.000,0,13.3,0,9.2,7.0, 
02-nov-2014,0,13.500,0,10.7,0,8.4,5.9, 
03-nov-2014,0,15.000,0,10.8,0,3.8,0.1, 
04-nov-2014,0,5.300,0,11.4,0,5.9,4.5, 
05-nov-2014,0,42.700,0,13.4,0,3.1,-1.5, 
06-nov-2014,0,25.000,0,14.0,0,8.5,6.8, 
07-nov-2014,0,8.100,0,11.5,0,7.6,4.1, 
08-nov-2014,0,11.300,0,11.4,0,2.7,-1.6, 
09-nov-2014,0,1.900,0,11.2,0,4.5,2.0, 
10-nov-2014,0,12.500,0,10.9,0,5.5,1.8, 
11-nov-2014,0,0.500,0,10.9,0,7.7,3.0, 
12-nov-2014,0,11.500,0,11.4,0,2.4,-2.0, 
13-nov-2014,0,5.700,0,10.7,0,7.2,5.0, 
14-nov-2014,0,1.200,0,12.0,0,5.7,3.6, 
15-nov-2014,0,1.100,0,12.8,0,8.0,3.4, 
16-nov-2014,0,0.000,0,12.5,0,5.5,1.4, 
17-nov-2014,0,0.000,0,11.2,0,6.0,3.1, 
18-nov-2014,0,3.700,0,11.0,0,6.0,2.6, 
19-nov-2014,0,0.100,0,11.2,0,9.0,4.0, 
20-nov-2014,0,0.000,0,10.0,0,0.7,-5.5, 
21-nov-2014,0,13.800,0,12.7,0,1.7,-1.5, 
22-nov-2014,0,4.600,0,9.5,0,7.6,5.5, 
23-nov-2014,0,0.200,0,10.4,0,2.4,-1.8, 
24-nov-2014,0,4.700,0,10.6,0,2.5,-1.0, 
25-nov-2014,0,3.100,0,9.0,1,-0.5,-5.5, 
26-nov-2014,0,0.300,0,10.1,0,1.4,-1.0, 
27-nov-2014,0,0.000,0,11.5,0,6.6,3.2, 
28-nov-2014,0,0.000,0,11.4,0,7.9,5.1, 
29-nov-2014,0,0.000,0,12.2,0,5.1,3.1, 
30-nov-2014,0,5.500,0,12.5,0,4.0,1.5, 
01-dec-2014,0,8.300,0,9.4,0,7.5,5.8, 
02-dec-2014,0,0.600,0,8.6,0,3.8,-1.0, 
03-dec-2014,0,3.600,0,8.5,0,4.5,0.1, 
04-dec-2014,0,14.000,0,9.0,0,4.1,0.4, 
05-dec-2014,0,3.500,0,10.5,0,4.2,0.5, 
06-dec-2014,0,14.300,0,10.7,0,5.7,3.4, 
07-dec-2014,0,23.500,0,7.4,0,4.5,1.1, 
08-dec-2014,0,10.800,0,12.0,0,3.5,0.0, 
09-dec-2014,0,13.500,0,12.3,0,5.3,2.4, 
10-dec-2014,0,15.000,0,8.5,0,4.6,1.7, 
11-dec-2014,0,26.000,0,7.4,0,5.0,2.4, 
12-dec-2014,0,14.200,0,6.7,0,1.5,-1.3, 
13-dec-2014,0,9.000,0,10.3,0,1.7,-2.0, 
14-dec-2014,0,9.200,0,10.2,0,3.7,0.8, 
15-dec-2014,0,1.000,0,9.0,0,5.6,3.6, 
16-dec-2014,0,38.000,0,12.0,0,6.1,2.0, 
17-dec-2014,0,35.000,0,12.6,0,7.0,5.8, 
18-dec-2014,0,12.800,0,12.1,0,10.9,10.0, 
19-dec-2014,0,8.500,0,9.4,0,6.2,3.5, 
20-dec-2014,0,5.100,0,12.0,0,6.5,4.0, 
21-dec-2014,0,16.900,0,12.4,0,7.4,5.7, 
22-dec-2014,0,41.500,0,12.4,0,11.4,10.4, 
23-dec-2014,0,8.000,0,12.2,0,10.9,9.6, 
24-dec-2014,0,4.400,0,8.8,0,5.6,2.0, 
25-dec-2014,0,13.800,0,8.7,0,5.4,1.5, 
26-dec-2014,0,6.000,0,8.2,0,2.3,-0.9, 
27-dec-2014,0,0.600,0,6.0,0,0.9,-0.5, 
28-dec-2014,0,0.100,0,6.5,1,-2.5,-3.5, 
29-dec-2014,0,0.000,0,8.8,1,-0.4,-5.0, 
30-dec-2014,0,24.600,0,11.6,0,5.9,4.0, 
31-dec-2014,0,42.100,0,12.9,0,7.8,6.0, 
01-jan-2015,0,18.700,0,13.9,0,9.5,6.2, 
02-jan-2015,0,13.600,0,9.2,0,4.6,1.2, 
03-jan-2015,0,0.200,0,8.2,0,3.5,1.5, 
04-jan-2015,0,2.100,0,11.8,0,0.7,-4.5, 
05-jan-2015,0,18.500,0,11.2,0,7.5,6.5, 
06-jan-2015,0,41.600,0,11.9,0,4.4,1.5, 
07-jan-2015,0,24.100,0,12.8,0,5.0,3.5, 
08-jan-2015,0,18.500,0,12.2,0,4.8,2.6, 
09-jan-2015,0,18.600,0,13.8,0,4.7,2.3, 
10-jan-2015,0,8.900,0,12.0,0,4.5,2.0, 
11-jan-2015,0,13.000,0,11.3,0,3.4,0.2, 
12-jan-2015,0,9.000,0,8.1,0,3.0,2.9, 
13-jan-2015,0,10.800,0,5.0,0,1.0,-1.5, 
14-jan-2015,0,50.800,0,10.4,0,1.0,-1.0, 
15-jan-2015,0,10.700,0,8.0,0,3.0,1.1, 
16-jan-2015,0,7.200,0,6.9,0,1.0,-0.8, 
17-jan-2015,0,6.600,0,6.6,0,1.7,-1.0, 
18-jan-2015,0,0.000,0,7.8,0,0.5,-3.0, 
19-jan-2015,0,15.000,0,4.3,1,-1.9,-7.0, 
20-jan-2015,0,10.000,0,7.0,0,1.9,-1.1, 
21-jan-2015,0,6.900,0,6.4,0,2.5,0.2, 
22-jan-2015,0,6.200,0,10.7,1,-0.2,-4.1, 
23-jan-2015,0,4.500,0,10.3,0,2.9,1.7, 
24-jan-2015,0,5.100,0,11.0,0,4.4,1.7, 
25-jan-2015,0,12.800,0,11.9,0,7.1,4.9, 
26-jan-2015,0,1.300,0,8.5,0,6.1,3.1, 
27-jan-2015,0,8.200,0,10.4,0,6.5,2.6, 
28-jan-2015,0,14.500,0,6.3,0,3.5,0.6, 
29-jan-2015,0,9.000,0,7.4,0,1.8,-0.2, 
30-jan-2015,0,3.800,0,7.0,0,2.6,-0.2, 
31-jan-2015,0,2.900,0,6.4,0,2.0,0.5, 
01-feb-2015,0,0.100,0,7.0,0,0.8,-3.2, 
02-feb-2015,0,19.300,0,5.5,1,-0.2,-2.2, 
03-feb-2015,0,2.900,0,6.0,0,1.4,-0.2, 
04-feb-2015,0,0.000,0,7.3,1,-1.4,-5.4, 
05-feb-2015,0,0.700,0,8.7,1,-1.1,-4.3, 
06-feb-2015,0,0.000,0,7.5,0,3.1,1.0, 
07-feb-2015,0,0.000,0,8.8,0,5.0,3.3, 
08-feb-2015,0,0.000,0,7.4,1,-1.8,-5.4, 
09-feb-2015,0,0.000,0,8.5,1,-0.5,-3.9, 
10-feb-2015,0,0.000,0,8.0,0,4.6,3.2, 
11-feb-2015,0,0.000,0,8.0,0,1.5,0.4, 
12-feb-2015,0,12.000,0,8.8,0,4.5,1.5, 
13-feb-2015,0,2.500,0,9.8,0,4.8,2.0, 
14-feb-2015,0,0.700,0,10.5,0,3.0,-1.3, 
15-feb-2015,0,21.100,0,9.2,0,4.2,1.7, 
16-feb-2015,0,2.000,0,8.1,0,3.2,1.2, 
17-feb-2015,0,11.800,0,10.5,0,1.0,-1.1, 
18-feb-2015,0,27.000,0,11.5,0,7.7,5.5, 
19-feb-2015,0,9.500,0,9.3,0,5.2,3.6, 
20-feb-2015,0,10.000,0,7.4,0,2.9,-1.4, 
21-feb-2015,0,14.300,0,10.1,0,2.5,-0.1, 
22-feb-2015,0,12.600,0,10.3,0,5.1,2.0, 
23-feb-2015,0,17.500,0,8.2,0,2.9,0.0, 
24-feb-2015,0,13.800,0,10.8,0,3.8,0.2, 
25-feb-2015,0,14.500,0,12.6,0,5.1,2.5, 
26-feb-2015,0,5.500,0,7.5,0,4.5,1.0, 
27-feb-2015,0,6.800,0,9.2,0,3.3,-0.5, 
28-feb-2015,0,23.100,0,12.3,0,5.7,3.1, 
01-mar-2015,0,20.400,0,9.0,0,3.9,2.0, 
02-mar-2015,0,11.900,0,5.8,0,1.2,-0.5, 
03-mar-2015,0,6.500,0,6.6,0,1.1,-1.1, 
04-mar-2015,0,1.500,0,9.8,0,2.5,-0.5, 
05-mar-2015,0,1.400,0,10.8,0,5.6,4.0, 
06-mar-2015,0,22.900,0,11.4,0,8.5,6.8, 
07-mar-2015,0,16.300,0,11.9,0,9.5,8.0, 
08-mar-2015,0,19.000,0,11.8,0,6.4,2.4, 
09-mar-2015,0,1.800,0,11.6,0,5.0,0.8, 
10-mar-2015,0,27.500,0,11.6,0,2.4,-2.1, 
11-mar-2015,0,28.000,0,11.9,0,3.1,-0.4, 
12-mar-2015,0,0.300,0,9.5,0,2.1,-0.5, 
13-mar-2015,0,0.000,0,10.3,1,-1.0,-4.7, 
14-mar-2015,0,0.000,0,10.7,0,0.4,-4.4, 
15-mar-2015,0,0.000,0,9.5,0,1.5,-2.0, 
16-mar-2015,0,0.000,0,8.7,0,3.9,0.8, 
17-mar-2015,0,0.000,0,11.7,0,2.5,-1.6, 
18-mar-2015,0,0.000,0,13.7,1,-0.2,-4.1, 
19-mar-2015,0,0.900,0,13.0,0,0.5,-3.8, 
20-mar-2015,0,0.500,0,11.4,0,5.8,4.6, 
21-mar-2015,0,0.000,0,12.7,0,6.5,2.7, 
22-mar-2015,0,2.000,0,12.0,0,1.0,-3.0, 
23-mar-2015,0,7.500,0,10.0,0,4.9,3.4, 
24-mar-2015,0,0.200,0,9.7,0,3.2,0.0, 
25-mar-2015,0,22.100,0,10.5,1,-0.2,-4.0, 
26-mar-2015,0,0.300,0,10.4,0,5.0,3.3, 
27-mar-2015,0,27.300,0,13.1,0,4.6,2.6, 
28-mar-2015,0,13.800,0,10.2,0,7.9,7.0, 
29-mar-2015,0,4.600,0,9.0,0,4.9,4.5, 
30-mar-2015,0,18.500,0,11.7,0,5.8,1.5, 
31-mar-2015,0,4.500,0,8.3,0,5.5,3.0, 
01-apr-2015,0,11.100,0,11.5,0,4.5,1.4, 
02-apr-2015,0,30.500,0,11.6,0,7.0,5.6, 
03-apr-2015,0,0.000,0,11.8,0,7.0,6.0, 
04-apr-2015,0,0.000,0,17.1,0,8.2,5.5, 
05-apr-2015,0,0.000,0,17.0,0,8.6,4.6, 
06-apr-2015,0,0.000,0,15.5,0,1.9,-2.7, 
07-apr-2015,0,0.000,0,16.8,0,1.5,-3.1, 
08-apr-2015,0,0.000,0,17.1,0,3.2,-2.7, 
09-apr-2015,0,0.000,0,17.3,0,2.7,-3.2, 
10-apr-2015,1,10.400,0,14.9,0,3.1,0.3, 
11-apr-2015,0,14.800,0,13.2,0,3.8,0.3, 
12-apr-2015,0,3.700,0,11.1,0,2.4,1.0, 
13-apr-2015,0,1.000,0,12.0,0,4.5,2.5, 
14-apr-2015,0,13.000,0,11.8,0,9.3,5.9, 
15-apr-2015,0,0.000,0,12.0,0,7.2,4.5, 
16-apr-2015,0,0.000,0,15.4,0,2.0,-3.4, 
17-apr-2015,0,0.000,0,16.7,0,3.6,-2.0, 
18-apr-2015,0,0.000,0,16.0,0,7.6,2.1, 
19-apr-2015,0,0.000,0,16.9,0,4.6,-2.9, 
20-apr-2015,0,0.000,0,15.8,0,3.4,-3.0, 
21-apr-2015,0,0.000,0,18.9,0,2.0,-3.4, 
22-apr-2015,0,0.000,0,19.4,0,5.6,-0.4, 
23-apr-2015,0,0.000,0,19.7,0,4.8,-2.4, 
24-apr-2015,0,9.800,0,13.2,0,6.0,-0.5, 
25-apr-2015,4,0.000,0,12.2,0,6.4,3.5, 
26-apr-2015,0,5.500,0,11.3,1,-0.6,-7.2, 
27-apr-2015,0,11.200,0,8.0,0,1.2,-1.8, 
28-apr-2015,0,17.700,0,9.2,0,2.4,-1.6, 
29-apr-2015,0,2.200,0,12.1,0,3.6,-0.4, 
30-apr-2015,0,0.700,0,14.5,0,4.3,-2.3, 
01-may-2015,0,3.800,0,12.0,0,5.6,-0.6, 
02-may-2015,0,8.500,0,12.4,0,5.9,2.8, 
03-may-2015,0,11.700,0,14.2,0,7.7,5.3, 
04-may-2015,0,13.500,0,11.8,0,8.0,4.0, 
05-may-2015,0,15.000,0,11.0,0,6.5,4.6, 
06-may-2015,0,0.800,0,12.9,0,6.5,3.9, 
07-may-2015,0,0.400,0,13.0,0,2.5,-3.8, 
08-may-2015,0,1.100,0,10.8,0,1.6,-4.0, 
09-may-2015,0,31.500,0,14.5,0,3.7,-2.0, 
10-may-2015,0,24.800,0,14.2,0,9.1,7.0, 
11-may-2015,0,7.300,0,13.0,0,10.0,6.8, 
12-may-2015,0,0.500,0,11.9,0,7.7,2.8, 
13-may-2015,0,0.600,0,16.8,0,1.6,-4.5, 
14-may-2015,0,0.400,0,16.6,0,8.2,5.6, 
15-may-2015,0,10.800,0,13.0,0,10.5,8.5, 
16-may-2015,0,2.100,0,12.0,0,7.7,1.6, 
17-may-2015,0,12.600,0,11.5,0,8.8,4.6, 
18-may-2015,0,9.500,0,10.3,0,7.0,1.2, 
19-may-2015,0,1.700,0,11.7,0,6.4,1.7, 
20-may-2015,0,0.600,0,12.7,0,7.4,2.1, 
21-may-2015,0,6.800,0,12.8,0,9.0,4.3, 
22-may-2015,0,0.500,0,14.2,0,10.0,7.8, 
23-may-2015,0,3.900,0,15.0,0,7.2,2.0, 
24-may-2015,0,2.500,0,12.5,0,8.2,4.2, 
25-may-2015,0,0.000,0,14.8,0,8.3,5.2, 
26-may-2015,0,0.500,0,14.2,0,9.5,7.0, 
27-may-2015,0,13.000,0,12.4,0,8.4,4.5, 
28-may-2015,0,10.700,0,12.0,0,8.0,3.0, 
29-may-2015,0,1.800,0,12.2,0,6.6,2.5, 
30-may-2015,0,9.200,0,12.5,0,4.5,0.2, 
31-may-2015,0,12.800,0,11.0,0,6.8,2.5, 
01-jun-2015,0,21.500,0,12.0,0,5.5,1.0, 
02-jun-2015,0,1.800,0,13.2,0,7.1,3.1, 
03-jun-2015,0,3.000,0,15.9,0,7.5,2.5, 
04-jun-2015,0,5.500,0,14.2,0,9.4,7.5, 
05-jun-2015,0,3.800,0,12.3,0,9.2,7.1, 
06-jun-2015,0,0.500,0,13.4,0,9.2,7.6, 
07-jun-2015,0,0.000,0,14.6,0,7.1,3.4, 
08-jun-2015,0,0.000,0,16.4,0,6.5,2.5, 
09-jun-2015,0,0.000,0,17.5,0,4.5,1.0, 
10-jun-2015,0,0.000,0,19.4,0,5.5,2.0, 
11-jun-2015,0,0.000,0,21.1,0,6.5,2.6, 
12-jun-2015,0,0.200,0,14.9,0,11.9,10.9, 
13-jun-2015,0,0.000,0,15.3,0,9.8,5.6, 
14-jun-2015,0,0.000,0,17.4,0,7.5,4.0, 
15-jun-2015,0,0.000,0,16.9,0,8.9,6.7, 
16-jun-2015,0,10.400,0,15.1,0,12.1,11.1, 
17-jun-2015,0,0.200,0,15.3,0,12.8,11.7, 
18-jun-2015,0,0.000,0,14.5,0,9.1,5.8, 
19-jun-2015,0,5.800,0,16.7,0,8.6,5.5, 
20-jun-2015,0,2.200,0,15.7,0,11.2,8.8, 
21-jun-2015,0,0.000,0,12.8,0,10.3,7.4, 
22-jun-2015,0,0.000,0,15.6,0,10.0,7.0, 
23-jun-2015,0,1.500,0,19.2,0,5.4,1.0, 
24-jun-2015,0,3.600,0,18.4,0,13.3,11.8, 
25-jun-2015,0,3.500,0,18.2,0,12.0,9.8, 
26-jun-2015,0,0.100,0,17.2,0,13.7,11.5, 
27-jun-2015,0,20.500,0,15.7,0,13.2,10.2, 
28-jun-2015,0,0.300,0,16.1,0,12.9,10.1, 
29-jun-2015,0,8.100,0,18.0,0,11.7,10.2, 
30-jun-2015,0,4.200,0,17.3,0,15.5,13.2, 
01-jul-2015,0,5.700,0,19.5,0,10.1,5.8, 
02-jul-2015,0,0.800,0,19.5,0,11.0,8.9, 
03-jul-2015,0,5.000,0,21.6,0,14.4,11.5, 
04-jul-2015,0,0.600,0,18.1,0,13.9,12.4, 
05-jul-2015,0,4.000,0,18.4,0,12.2,7.9, 
06-jul-2015,0,12.900,0,19.6,0,10.5,7.4, 
07-jul-2015,0,12.800,0,14.4,0,12.6,10.5, 
08-jul-2015,0,0.000,0,16.1,0,11.6,9.9, 
09-jul-2015,0,8.300,0,16.0,0,10.5,7.7, 
10-jul-2015,0,9.100,0,16.4,0,13.2,10.6, 
11-jul-2015,0,18.700,0,15.5,0,12.1,9.0, 
12-jul-2015,0,12.500,0,16.2,0,11.7,8.0, 
13-jul-2015,0,0.100,0,17.8,0,12.8,10.1, 
14-jul-2015,0,0.000,0,18.8,0,11.0,7.4, 
15-jul-2015,0,0.000,0,17.7,0,7.6,1.1, 
16-jul-2015,0,8.000,0,17.2,0,10.0,6.0, 
17-jul-2015,0,7.200,0,15.2,0,11.9,8.0, 
18-jul-2015,0,17.800,0,15.4,0,11.5,7.5, 
19-jul-2015,0,3.200,0,16.2,0,10.5,5.2, 
20-jul-2015,0,6.900,0,16.0,0,11.1,8.1, 
21-jul-2015,0,1.800,0,15.7,0,11.5,9.5, 
22-jul-2015,0,0.500,0,15.7,0,10.5,6.9, 
23-jul-2015,0,1.100,0,15.8,0,11.0,6.0, 
24-jul-2015,0,2.500,0,15.2,0,7.5,1.5, 
25-jul-2015,0,11.100,0,15.5,0,8.1,2.1, 
26-jul-2015,0,5.800,0,17.0,0,11.4,7.5, 
27-jul-2015,0,5.800,0,15.3,0,12.5,9.4, 
28-jul-2015,0,3.400,0,14.7,0,10.3,6.6, 
29-jul-2015,0,0.600,0,15.6,0,10.2,5.8, 
30-jul-2015,0,1.300,0,15.9,0,9.3,4.1, 
31-jul-2015,0,3.000,0,15.4,0,11.4,7.4, 
01-aug-2015,0,4.600,0,15.5,0,10.5,5.2, 
02-aug-2015,0,14.600,0,16.6,0,11.5,7.9, 
03-aug-2015,0,27.800,0,16.3,0,12.1,8.1, 
04-aug-2015,0,5.300,0,14.7,0,11.7,7.4, 
05-aug-2015,0,2.400,0,16.3,0,10.8,7.4, 
06-aug-2015,0,0.000,0,16.1,0,11.1,6.7, 
07-aug-2015,0,0.100,0,16.6,0,6.0,0.0, 
08-aug-2015,0,14.000,0,15.0,0,10.5,5.2, 
09-aug-2015,0,17.500,0,15.6,0,13.0,9.6, 
10-aug-2015,0,2.500,0,15.1,0,12.5,9.4, 
11-aug-2015,0,0.000,0,15.3,0,10.9,7.9, 
12-aug-2015,0,0.000,0,15.7,0,12.1,8.7, 
13-aug-2015,0,1.000,0,17.9,0,6.5,0.1, 
14-aug-2015,0,1.700,0,15.5,0,11.4,8.0, 
15-aug-2015,0,0.000,0,15.7,0,10.2,5.1, 
16-aug-2015,0,0.000,0,19.0,0,8.8,3.5, 
17-aug-2015,0,0.000,0,19.2,0,10.6,3.7, 
18-aug-2015,0,4.400,0,19.4,0,8.7,2.7, 
19-aug-2015,0,4.000,0,15.6,0,14.3,11.3, 
20-aug-2015,0,11.000,0,17.5,0,13.1,9.2, 
21-aug-2015,0,5.400,0,16.5,0,13.4,9.5, 
22-aug-2015,0,3.200,0,18.9,0,12.5,9.0, 
23-aug-2015,0,7.500,0,16.1,0,12.0,8.4, 
24-aug-2015,0,0.500,0,14.1,0,11.8,8.0, 
25-aug-2015,0,12.800,0,15.6,0,6.7,0.8, 
26-aug-2015,0,14.600,0,17.0,0,9.2,3.8, 
27-aug-2015,0,8.500,0,16.4,0,10.9,6.0, 
28-aug-2015,0,7.300,0,16.2,0,11.9,7.5, 
29-aug-2015,0,0.300,0,15.5,0,11.7,8.2, 
30-aug-2015,0,0.000,0,16.5,0,11.5,7.1, 
31-aug-2015,0,2.800,0,17.9,0,9.5,4.5, 
01-sep-2015,0,3.800,0,14.8,0,11.1,6.7, 
02-sep-2015,0,0.400,0,14.0,0,10.7,6.3, 
03-sep-2015,0,0.300,0,14.7,0,9.9,4.2, 
04-sep-2015,0,1.400,0,16.6,0,10.1,5.6, 
05-sep-2015,0,0.000,0,16.4,0,11.7,5.9, 
06-sep-2015,0,0.000,0,15.3,0,6.5,1.5, 
07-sep-2015,0,0.000,0,15.0,0,10.7,7.6, 
08-sep-2015,0,0.000,0,20.5,0,11.1,5.8, 
09-sep-2015,0,0.000,0,19.0,0,12.0,7.1, 
10-sep-2015,0,20.000,0,18.5,0,13.9,4.0, 
11-sep-2015,0,73.900,0,14.9,0,13.4,9.2, 
12-sep-2015,0,1.000,0,14.2,0,10.1,5.1, 
13-sep-2015,0,51.800,0,15.0,0,8.7,2.6, 
14-sep-2015,0,4.300,0,15.7,0,8.8,4.8, 
15-sep-2015,0,0.000,0,14.7,0,10.6,6.8, 
16-sep-2015,0,3.900,0,14.3,0,3.6,-3.1, 
17-sep-2015,0,3.500,0,17.3,0,8.0,4.0, 
18-sep-2015,0,1.700,0,14.9,0,11.5,7.1, 
19-sep-2015,0,6.500,0,15.8,0,10.7,5.4, 
20-sep-2015,0,4.500,0,15.0,0,12.2,8.2, 
21-sep-2015,0,6.000,0,15.4,0,10.4,5.0, 
22-sep-2015,0,4.800,0,15.9,0,9.2,4.0, 
23-sep-2015,0,9.500,0,15.2,0,9.5,4.4, 
24-sep-2015,0,1.800,0,13.6,0,9.0,3.0, 
25-sep-2015,0,0.000,0,14.6,0,9.0,2.0, 
26-sep-2015,0,0.000,0,15.7,0,12.0,7.5, 
27-sep-2015,0,0.000,0,16.6,0,12.8,7.0, 
28-sep-2015,0,0.000,0,17.9,0,12.5,6.0, 
29-sep-2015,0,0.000,0,19.0,0,11.8,5.2, 
30-sep-2015,0,0.000,0,17.2,0,7.7,-0.9, 
01-oct-2015,0,0.000,0,18.3,0,6.9, , 
02-oct-2015,0,0.000,0,15.8,0,4.2, , 
03-oct-2015,0,0.000,0,12.7,0,8.9, , 
04-oct-2015,0,3.000,0,14.4,0,2.8, , 
05-oct-2015,0,1.000,0,15.9,0,5.5, , 
06-oct-2015,0,8.000,0,15.2,0,12.0, , 
07-oct-2015,0,3.600,0,14.0,0,6.1, , 
08-oct-2015,0,0.300,0,15.4,0,5.4, , 
09-oct-2015,0,4.200,0,15.5,0,12.0, , 
10-oct-2015,0,0.000,0,14.9,0,11.7, , 
11-oct-2015,0,0.000,0,17.3,0,9.0, , 
12-oct-2015,0,0.000,0,14.7,0,6.0, , 
13-oct-2015,0,0.000,0,14.5,0,3.4, , 
14-oct-2015,0,0.000,0,14.0,0,4.0, , 
15-oct-2015,0,0.000,0,14.2,0,9.0, , 
16-oct-2015,0,0.000,0,14.9,0,4.5, , 
17-oct-2015,0,0.000,0,13.7,0,5.0, , 
18-oct-2015,0,0.000,0,12.0,0,7.1, , 
19-oct-2015,0,0.000,0,14.7,0,8.4, , 
20-oct-2015,0,28.600,0,14.3,0,9.5, , 
21-oct-2015,0,1.000,0,14.6,0,12.0, , 
22-oct-2015,0,2.800,0,13.5,0,11.0, , 
23-oct-2015,0,41.200,0,13.8,0,10.0, , 
24-oct-2015,0,2.200,0,12.0,0,7.5, , 
25-oct-2015,0,0.900,0,14.2,0,8.4, , 
26-oct-2015,0,2.500,0,15.2,0,10.1, , 
27-oct-2015,0,2.200,0,13.7,0,11.5, , 
28-oct-2015,0,8.400,0,14.9,0,10.0, , 
29-oct-2015,0,3.300,0,13.6,0,9.0, , 
30-oct-2015,0,3.600,0,16.7,0,10.3, , 
31-oct-2015,0,0.100,0,14.7,0,10.5, , 
01-nov-2015,0,0.000,0,18.0,0,5.5,-0.7, 
02-nov-2015,0,0.000,0,15.6,0,9.4,3.5, 
03-nov-2015,0,0.000,0,13.5,0,7.0,2.0, 
04-nov-2015,0,2.600,0,13.1,0,6.2,0.1, 
05-nov-2015,0,7.700,0,14.4,0,7.7,5.5, 
06-nov-2015,0,4.200,0,14.0,0,11.2,8.1, 
07-nov-2015,0,7.200,0,13.8,0,9.2,6.6, 
08-nov-2015,0,14.500,0,14.5,0,9.6,6.2, 
09-nov-2015,0,14.500,0,16.6,0,8.9,3.4, 
10-nov-2015,0,5.100,0,15.5,0,12.1,8.9, 
11-nov-2015,0,0.800,0,13.4,0,10.0,7.1, 
12-nov-2015,0,20.000,0,13.5,0,9.6,4.6, 
13-nov-2015,0,7.800,0,9.8,0,3.8,-1.0, 
14-nov-2015,0,31.000,0,15.5,0,3.1,0.2, 
15-nov-2015,0,21.700,0,14.7,0,8.1,5.0, 
16-nov-2015,0,1.600,0,9.9,0,6.4,1.9, 
17-nov-2015,0,15.700,0,13.5,0,4.4,-0.9, 
18-nov-2015,0,12.300,0,11.7,0,8.0,4.9, 
19-nov-2015,0,3.500,0,9.9,0,8.5,4.5, 
20-nov-2015,0,6.800,0,8.6,0,6.3,3.8, 
21-nov-2015,0,4.500,0,8.6,0,2.9,2.0, 
22-nov-2015,0,0.000,0,9.7,0,5.7,5.7, 
23-nov-2015,0,23.500,0,12.2,0,4.0,2.6, 
24-nov-2015,0,12.500,0,11.2,0,8.5,7.5, 
25-nov-2015,0,2.200,0,12.5,0,9.5,10.5, 
26-nov-2015,0,15.800,0,13.0,0,10.5,10.5, 
27-nov-2015,0,23.000,0,9.0,0,8.5,8.5, 
28-nov-2015,0,14.200,0,11.8,0,4.2,3.0, 
29-nov-2015,0,13.500,0,12.7,0,7.2,7.5, 
30-nov-2015,0,22.000,0,14.7,0,5.2,3.0, 
01-dec-2015,0,14.500,0,14.5,0,4.9,3.7, 
02-dec-2015,0,1.500,0,10.3,0,10.0,8.2, 
03-dec-2015,0,3.000,0,12.2,0,4.1,1.5, 
04-dec-2015,0,59.200,0,12.8,0,5.2,2.7, 
05-dec-2015,0,56.200,0,13.8,0,10.2,8.5, 
06-dec-2015,0,5.800,0,15.1,0,6.0,3.5, 
07-dec-2015,0,13.500,0,15.0,0,5.1,3.2, 
08-dec-2015,0,15.200,0,12.4,0,6.5,5.1, 
09-dec-2015,0,14.900,0,12.8,0,5.4,2.5, 
10-dec-2015,0,7.200,0,8.7,0,4.5,2.7, 
11-dec-2015,0,13.100,0,9.5,0,4.1,1.8, 
12-dec-2015,0,3.100,0,6.7,0,1.3,0.0, 
13-dec-2015,0,3.400,0,12.2,0,2.9,-0.5, 
14-dec-2015,0,10.600,0,12.2,0,6.0,4.9, 
15-dec-2015,0,4.000,0,14.5,0,9.6,8.6, 
16-dec-2015,0,18.400,0,15.2,0,10.3,9.5, 
17-dec-2015,0,8.500,0,13.4,0,11.2,10.6, 
18-dec-2015,0,26.000,0,15.4,0,11.5,10.4, 
19-dec-2015,0,5.000,0,14.2,0,11.8,11.0, 
20-dec-2015,0,5.200,0,11.4,0,8.0,8.0, 
21-dec-2015,0,15.000,0,14.0,0,7.1,3.8, 
22-dec-2015,0,10.100,0,10.7,0,8.6,6.1, 
23-dec-2015,1,27.300,0,11.1,0,5.6,3.9, 
24-dec-2015,1,7.800,0,7.4,0,4.2,2.6, 
25-dec-2015,0,3.000,0,6.1,0,2.4,-0.2, 
26-dec-2015,0,1.300,0,8.7,0,3.1,2.5, 
27-dec-2015,0,5.800,0,15.4,0,0.7,-3.1, 
28-dec-2015,0,12.900,0,12.2,0,7.0,5.4, 
29-dec-2015,0,51.400,0,13.2,0,5.4,2.9, 
30-dec-2015,0,22.500,0,8.4,0,6.1,5.2, 
31-dec-2015,0,6.900,0,7.1,0,1.2,-2.6, 
01-jan-2016,0,37.900,0,9.4,0,2.1,-0.5, 
02-jan-2016,0,20.500,0,8.3,0,5.0,4.0, 
03-jan-2016,0,4.000,0,8.9,0,3.4,0.6, 
04-jan-2016,0,1.000,0,9.0,0,6.1,4.3, 
05-jan-2016,0,0.600,0,8.8,0,6.2,3.8, 
06-jan-2016,0,23.300,0,8.8,0,1.0,-2.4, 
07-jan-2016,0,7.500,0,6.7,0,3.7,1.5, 
08-jan-2016,0,10.300,0,6.8,0,2.5,-0.4, 
09-jan-2016,0,2.200,0,6.7,0,1.4,-2.0, 
10-jan-2016,0,2.700,0,7.8,0,2.4,-0.3, 
11-jan-2016,0,2.900,0,7.0,0,3.5,1.0, 
12-jan-2016,0,6.300,0,7.0,0,4.0,1.1, 
13-jan-2016,0,8.800,0,5.6,0,3.1,-1.0, 
14-jan-2016,0,4.400,0,5.8,0,2.3,-1.0, 
15-jan-2016,0,0.800,0,8.1,0,2.3,-0.6, 
16-jan-2016,0,0.800,0,8.8,1,-0.6,-4.0, 
17-jan-2016,0,7.100,0,9.3,0,4.5,0.0, 
18-jan-2016,0,4.000,0,8.6,0,7.0,6.3, 
19-jan-2016,0,0.000,0,8.4,0,5.1,2.6, 
20-jan-2016,0,5.400,0,11.5,0,5.4,2.5, 
21-jan-2016,0,27.500,0,13.8,0,5.2,4.9, 
22-jan-2016,0,0.100,0,11.2,0,10.4,8.2, 
23-jan-2016,0,17.000,0,13.1,0,9.3,7.4, 
24-jan-2016,0,14.400,0,14.6,0,8.6,7.0, 
25-jan-2016,0,62.500,0,12.8,0,7.5,6.5, 
26-jan-2016,0,12.000,0,13.1,0,6.5,5.0, 
27-jan-2016,0,6.800,0,9.0,0,5.6,4.0, 
28-jan-2016,0,7.800,0,11.8,0,4.1,0.8, 
29-jan-2016,0,11.000,0,8.9,0,7.8,6.2, 
30-jan-2016,0,6.900,0,11.7,0,1.5,-0.1, 
31-jan-2016,0,8.700,0,12.9,0,3.4,0.6, 
01-feb-2016,0,5.500,0,9.3,0,7.8,5.6, 
02-feb-2016,0,4.800,0,8.0,0,4.2,2.4, 
03-feb-2016,0,5.600,0,11.3,0,2.8,1.0, 
04-feb-2016,0,17.300,0,11.3,0,6.1,3.7, 
05-feb-2016,0,8.800,0,8.6,0,5.2,4.5, 
06-feb-2016,0,7.100,0,8.7,0,4.9,2.8, 
07-feb-2016,0,21.500,0,10.8,0,4.5,1.9, 
08-feb-2016,0,27.500,0,8.5,0,5.0,2.5, 
09-feb-2016,0,14.800,0,7.5,0,2.8,1.5, 
10-feb-2016,0,1.000,0,8.5,0,0.4,-4.0, 
11-feb-2016,0,0.000,0,8.6,0,0.0,-3.9, 
12-feb-2016,0,9.700,0,6.3,0,0.5,-3.5, 
13-feb-2016,0,6.500,0,5.9,0,0.4,-2.6, 
14-feb-2016,0,0.600,0,8.2,0,3.8,2.0, 
15-feb-2016,0,17.400,0,9.5,1,-1.2,-6.7, 
16-feb-2016,0,48.000,0,10.1,1,-0.8,-4.5, 
17-feb-2016,0,7.200,0,8.6,0,2.2,1.0, 
18-feb-2016,0,3.900,0,9.0,0,1.5,-1.5, 
19-feb-2016,0,3.500,0,10.2,0,3.6,-0.1, 
20-feb-2016,0,11.000,0,11.2,0,6.8,5.0, 
21-feb-2016,0,3.800,0,11.4,0,7.0,6.2, 
22-feb-2016,0,1.200,0,8.2,0,4.5,0.4, 
23-feb-2016,0,0.000,0,9.5,0,0.8,-0.3, 
24-feb-2016,0,0.600,0,8.0,1,-2.0,-7.3, 
25-feb-2016,0,3.500,0,7.9,1,-1.0,-6.0, 
26-feb-2016,0,13.400,0,5.7,0,2.2,1.3, 
27-feb-2016,0,0.000,0,8.4,0,0.9,-2.5, 
28-feb-2016,0,9.000,0,8.6,1,-1.5,-6.8, 
29-feb-2016,0,27.600,0,12.1,0,1.5,-1.0, 
01-mar-2016,0,11.700,0,10.0,0,8.6,7.5, 
02-mar-2016,0,2.400,0,9.5,0,3.2,0.2, 
03-mar-2016,0,8.800,0,8.3,0,5.7,4.5, 
04-mar-2016,0,8.500,0,8.7,0,1.5,-1.5, 
05-mar-2016,0,1.900,0,7.8,0,3.8,1.5, 
06-mar-2016,0,6.800,0,6.6,0,2.5,-1.6, 
07-mar-2016,0,2.500,0,9.6,0,3.6,3.0, 
08-mar-2016,0,10.500,0,8.8,0,6.0,3.2, 
09-mar-2016,0,1.000,0,10.2,0,3.1,0.0, 
10-mar-2016,0,4.300,0,11.4,0,5.3,4.2, 
11-mar-2016,0,3.200,0,11.7,0,8.5,8.0, 
12-mar-2016,0,2.700,0,11.3,0,8.5,8.6, 
13-mar-2016,0,0.100,0,11.4,0,8.7,7.9, 
14-mar-2016,0,0.000,0,14.5,0,6.1,3.0, 
15-mar-2016,0,0.000,0,13.8,0,3.4,1.0, 
16-mar-2016,0,0.000,0,14.4,0,5.4,1.1, 
17-mar-2016,0,0.000,0,10.5,0,4.8,0.3, 
18-mar-2016,0,0.000,0,15.2,1,-1.0,-5.4, 
19-mar-2016,0,0.000,0,11.0,0,3.0,-0.6, 
20-mar-2016,0,0.000,0,11.0,0,6.2,5.0, 
21-mar-2016,0,0.000,0,10.0,0,6.2,5.1, 
22-mar-2016,0,1.300,0,8.7,0,7.1,5.9, 
23-mar-2016,0,10.300,0,11.1,0,7.3,5.5, 
24-mar-2016,0,1.000,0,10.4,0,7.6,5.9, 
25-mar-2016,0,26.000,0,10.9,0,6.7,1.1, 
26-mar-2016,0,15.900,0,8.8,0,5.9,4.9, 
27-mar-2016,0,4.200,0,8.7,0,3.8,0.8, 
28-mar-2016,0,4.000,0,10.4,0,3.0,-1.1, 
29-mar-2016,0,11.000,0,9.1,0,3.0,-2.9, 
30-mar-2016,0,2.300,0,10.9,0,3.1,1.4, 
31-mar-2016,0,19.400,0,10.4,0,3.1,-1.6, 
01-apr-2016,0,20.400,0,10.7,0,6.5,4.9, 
02-apr-2016,0,0.800,0,12.4,0,3.9,0.5, 
03-apr-2016,0,0.000,0,13.6,0,6.9,5.7, 
04-apr-2016,0,1.400,0,13.8,0,7.0,1.0, 
05-apr-2016,0,7.700,0,11.8,0,3.9,-1.0, 
06-apr-2016,0,6.300,0,8.5,0,5.4,2.5, 
07-apr-2016,0,8.800,0,10.2,0,5.3,2.5, 
08-apr-2016,0,5.600,0,9.3,0,5.9,4.8, 
09-apr-2016,0,0.300,0,7.6,0,1.5,-2.5, 
10-apr-2016,0,10.100,0,9.4,1,-0.5,-5.0, 
11-apr-2016,0,11.100,0,9.6,0,4.7,2.9, 
12-apr-2016,0,0.100,0,11.0,0,6.5,4.7, 
13-apr-2016,0,3.100,0,15.5,0,1.8,-2.4, 
14-apr-2016,0,0.000,0,13.5,0,7.4,6.3, 
15-apr-2016,0,4.300,0,10.1,0,6.3,2.8, 
16-apr-2016,0,2.400,0,10.0,0,2.8,-0.4, 
17-apr-2016,0,1.400,0,10.8,0,2.6,-0.9, 
18-apr-2016,0,0.000,0,11.6,0,7.5,5.6, 
19-apr-2016,0,0.000,0,14.5,0,6.8,5.9, 
20-apr-2016,0,0.000,0,18.0,0,3.6,-0.9, 
21-apr-2016,0,0.000,0,18.6,0,4.7,0.2, 
22-apr-2016,0,0.000,0,16.9,0,8.6,5.0, 
23-apr-2016,0,0.000,0,13.0,0,6.9,3.2, 
24-apr-2016,0,1.500,0,12.9,0,6.5,4.0, 
25-apr-2016,0,1.200,0,13.1,0,7.3,5.5, 
26-apr-2016,0,1.100,0,8.7,0,4.1,2.0, 
27-apr-2016,0,4.400,0,10.0,0,3.5,1.5, 
28-apr-2016,0,6.000,0,8.9,0,4.6,0.4, 
29-apr-2016,0,2.800,0,10.8,0,3.5,1.1, 
30-apr-2016,0,14.000,0,11.6,0,5.1,1.5, 
01-may-2016,0,15.100,0,12.7,0,7.2,6.4, 
02-may-2016,0,5.000,0,11.0,0,8.8,6.4, 
03-may-2016,0,2.600,0,12.9,0,7.1,4.1, 
04-may-2016,0,3.900,0,12.0,0,9.1,7.9, 
05-may-2016,0,0.000,0,13.4,0,8.3,5.5, 
06-may-2016,0,0.000,0,15.0,0,2.7,-1.8, 
07-may-2016,0,7.200,0,14.4,0,7.9,5.0, 
08-may-2016,0,7.700,0,20.2,0,10.1,8.9, 
09-may-2016,0,0.400,0,21.4,0,12.2,11.1, 
10-may-2016,0,3.000,0,17.9,0,13.4,12.0, 
11-may-2016,0,0.000,0,19.0,0,12.8,11.2, 
12-may-2016,0,0.000,0,22.4,0,13.5,10.6, 
13-may-2016,0,0.000,0,22.6,0,11.5,7.4, 
14-may-2016,0,0.000,0,18.2,0,9.0,4.8, 
15-may-2016,0,0.000,0,17.8,0,3.0,-0.9, 
16-may-2016,0,1.800,0,15.4,0,2.9,-0.9, 
17-may-2016,0,4.600,0,16.3,0,9.9,5.5, 
18-may-2016,0,6.700,0,13.7,0,7.8,5.5, 
19-may-2016,0,4.000,0,13.0,0,7.9,4.6, 
20-may-2016,0,18.300,0,12.6,0,10.0,7.7, 
21-may-2016,0,7.100,0,14.2,0,9.8,7.5, 
22-may-2016,0,0.400,0,13.8,0,6.4,2.4, 
23-may-2016,0,0.000,0,14.6,0,6.0,2.0, 
24-may-2016,0,0.000,0,19.0,0,6.0,0.8, 
25-may-2016,0,0.000,0,18.0,0,8.5,4.4, 
26-may-2016,0,1.500,0,15.5,0,4.7,0.2, 
27-may-2016,0,0.000,0,17.9,0,10.3,9.5, 
28-may-2016,0,1.400,0,19.5,0,10.6,7.5, 
29-may-2016,0,3.800,0,19.4,0,8.4,4.0, 
30-may-2016,0,0.000,0,21.4,0,8.0,4.2, 
31-may-2016,0,0.000,0,20.7,0,6.4,1.7, 
01-jun-2016,0,0.000,0,23.0,0,7.5,3.3, 
02-jun-2016,0,0.000,0,22.8,0,10.4,5.5, 
03-jun-2016,0,0.000,0,21.5,0,8.3,4.4, 
04-jun-2016,0,0.000,0,22.2,0,8.5,4.2, 
05-jun-2016,0,0.000,0,22.6,0,10.9,6.8, 
06-jun-2016,0,2.000,0,21.4,0,13.8,9.8, 
07-jun-2016,0,0.000,0,21.0,0,14.5,12.5, 
08-jun-2016,0,0.000,0,24.6,0,12.9,9.2, 
09-jun-2016,0,3.300,0,20.4,0,14.3,11.4, 
10-jun-2016,0,9.200,0,18.5,0,14.4,12.8, 
11-jun-2016,0,7.000,0,19.6,0,12.2,8.9, 
12-jun-2016,0,4.200,0,16.7,0,12.8,10.7, 
13-jun-2016,0,13.500,0,19.1,0,12.3,10.7, 
14-jun-2016,0,4.500,0,15.4,0,12.5,10.5, 
15-jun-2016,0,1.800,0,15.9,0,13.0,10.6, 
16-jun-2016,0,0.000,0,16.2,0,12.3,10.1, 
17-jun-2016,0,1.200,0,14.7,0,10.2,7.6, 
18-jun-2016,0,8.800,0,16.1,0,9.6,6.6, 
19-jun-2016,0,21.700,0,16.5,0,12.9,11.9, 
20-jun-2016,0,0.400,0,16.7,0,11.5,8.2, 
21-jun-2016,0,1.600,0,17.6,0,12.1,10.1, 
22-jun-2016,0,7.500,0,17.0,0,11.8,8.9, 
23-jun-2016,0,10.400,0,15.7,0,12.3,10.0, 
24-jun-2016,0,2.100,0,15.5,0,11.4,9.5, 
25-jun-2016,0,2.100,0,15.8,0,11.7,9.7, 
26-jun-2016,0,1.500,0,15.7,0,12.9,11.3, 
27-jun-2016,0,9.500,0,16.0,0,12.5,9.3, 
28-jun-2016,0,12.700,0,16.5,0,10.2,7.0, 
29-jun-2016,0,1.200,0,15.1,0,11.0,9.5, 
30-jun-2016,0,10.800,0,15.5,0,11.9,9.3, 
01-jul-2016,0,11.900,0,13.7,0,10.1,7.5, 
02-jul-2016,0,1.000,0,15.2,0,9.5,7.2, 
03-jul-2016,0,6.800,0,15.5,0,11.1,7.9, 
04-jul-2016,0,2.000,0,16.3,0,8.9,5.5, 
05-jul-2016,0,0.500,0,15.9,0,11.0,9.0, 
06-jul-2016,0,7.300,0,16.1,0,12.5,11.0, 
07-jul-2016,0,2.000,0,18.2,0,12.6,8.8, 
08-jul-2016,0,6.500,0,17.6,0,13.4,10.4, 
09-jul-2016,0,15.800,0,18.0,0,14.3,13.7, 
10-jul-2016,0,21.000,0,16.2,0,13.6,11.7, 
11-jul-2016,0,2.100,0,16.4,0,12.0,11.3, 
12-jul-2016,0,2.200,0,16.2,0,10.5,8.6, 
13-jul-2016,0,1.400,0,15.8,0,10.5,7.3, 
14-jul-2016,0,19.000,0,19.8,0,8.2,4.4, 
15-jul-2016,0,4.200,0,20.0,0,12.6,11.6, 
16-jul-2016,0,0.000,0,16.7,0,12.1,9.6, 
17-jul-2016,0,2.100,0,19.1,0,12.4,9.2, 
18-jul-2016,0,0.000,0,22.4,0,14.6,12.7, 
19-jul-2016,0,0.500,0,26.2,0,8.8,4.9, 
20-jul-2016,0,5.900,0,17.5,0,13.2,11.3, 
21-jul-2016,0,5.100,0,17.4,0,13.1,9.5, 
22-jul-2016,0,1.200,0,17.0,0,11.8,8.5, 
23-jul-2016,0,0.000,0,17.1,0,13.7,11.1, 
24-jul-2016,0,3.400,0,16.3,0,11.7,8.2, 
25-jul-2016,0,5.500,0,15.5,0,12.1,9.8, 
26-jul-2016,0,12.100,0,16.9,0,12.2,9.8, 
27-jul-2016,0,14.400,0,17.8,0,12.2,9.9, 
28-jul-2016,0,3.000,0,17.0,0,13.1,11.2, 
29-jul-2016,0,1.300,0,17.5,0,13.5,10.5, 
30-jul-2016,4,0.000,0,17.5,0,11.0,7.8, 
31-jul-2016,0,0.000,0,16.0,0,11.4,8.3, 
01-aug-2016,0,1.500,0,17.5,0,12.4,10.6, 
02-aug-2016,0,7.000,0,18.1,0,14.8,13.3, 
03-aug-2016,0,13.900,0,15.9,0,14.2,11.3, 
04-aug-2016,0,0.300,0,18.0,0,13.6,11.3, 
05-aug-2016,0,0.800,0,17.8,0,11.4,8.5, 
06-aug-2016,0,3.000,0,19.0,0,13.3,10.9, 
07-aug-2016,0,5.500,0,16.1,0,14.4,11.0, 
08-aug-2016,0,0.000,0,16.1,0,13.0,9.1, 
09-aug-2016,0,3.000,0,16.6,0,11.4,6.4, 
10-aug-2016,0,6.100,0,17.5,0,12.1,9.1, 
11-aug-2016,0,2.000,0,17.1,0,13.6,11.0, 
12-aug-2016,0,12.900,0,16.9,0,13.6,12.0, 
13-aug-2016,0,1.200,0,17.0,0,12.7,10.4, 
14-aug-2016,0,0.000,0,18.0,0,12.9,11.4, 
15-aug-2016,0,0.000,0,23.4,0,13.8,9.9, 
16-aug-2016,0,29.500,0,24.8,0,15.4,10.6, 
17-aug-2016,0,7.000,0,16.7,0,16.2,14.3, 
18-aug-2016,0,3.000,0,18.7,0,13.8,11.9, 
19-aug-2016,0,18.400,0,19.5,0,14.4,11.2, 
20-aug-2016,0,12.200,0,16.6,0,14.5,12.1, 
21-aug-2016,0,4.900,0,17.6,0,12.5,10.1, 
22-aug-2016,0,0.200,0,18.3,0,14.0,12.0, 
23-aug-2016,0,0.000,0,18.4,0,12.5,10.5, 
24-aug-2016,0,1.500,0,18.0,0,11.2,8.7, 
25-aug-2016,0,14.500,0,17.4,0,10.3,5.4, 
26-aug-2016,0,0.600,0,18.0,0,10.6,9.0, 
27-aug-2016,0,0.500,0,17.3,0,10.6,7.0, 
28-aug-2016,0,0.000,0,20.6,0,13.8,10.1, 
29-aug-2016,0,0.300,0,18.3,0,9.2,3.6, 
30-aug-2016,0,12.300,0,18.1,0,15.2,12.4, 
31-aug-2016,0,4.300,0,16.3,0,13.5,10.5, 
01-sep-2016,0,12.600,0,16.8,0,12.2,7.5, 
02-sep-2016,0,1.000,0,17.8,0,13.5,10.4, 
03-sep-2016,0,5.200,0,19.0,0,13.6,10.6, 
04-sep-2016,0,11.200,0,17.6,0,12.9,10.2, 
05-sep-2016,0,12.400,0,19.6,0,14.1,11.5, 
06-sep-2016,0,6.500,0,20.0,0,16.0,14.7, 
07-sep-2016,0,12.500,0,20.0,0,15.5,13.3, 
08-sep-2016,0,10.500,0,16.0,0,12.2,9.6, 
09-sep-2016,0,20.900,0,16.9,0,11.4,8.8, 
10-sep-2016,0,2.800,0,16.1,0,10.0,4.6, 
11-sep-2016,0,81.100,0,18.2,0,12.1,8.6, 
12-sep-2016,0,0.000,0,17.5,0,13.2,10.8, 
13-sep-2016,0,0.000,0,18.7,0,7.6,2.5, 
14-sep-2016,0,0.700,0,17.2,0,9.7,4.0, 
15-sep-2016,0,2.800,0,17.1,0,13.1,9.4, 
16-sep-2016,0,1.200,0,15.2,0,12.0,9.1, 
17-sep-2016,0,6.700,0,17.0,0,11.1,7.4, 
18-sep-2016,0,1.300,0,16.1,0,13.6,11.0, 
19-sep-2016,0,0.500,0,16.7,0,10.4,8.3, 
20-sep-2016,0,13.900,0,15.7,0,11.5,8.2, 
21-sep-2016,0,3.200,0,15.1,0,12.9,9.5, 
22-sep-2016,0,11.400,0,14.7,0,8.0,2.2, 
23-sep-2016,0,53.800,0,16.2,0,10.2,5.2, 
24-sep-2016,0,5.000,0,15.8,0,13.2,9.8, 
25-sep-2016,0,9.500,0,14.5,0,10.2,6.2, 
26-sep-2016,0,1.600,0,17.4,0,10.2,6.5, 
27-sep-2016,0,2.500,0,17.4,0,11.2,9.0, 
28-sep-2016,0,13.300,0,17.5,0,13.9,11.0, 
29-sep-2016,0,9.800,0,14.5,0,11.2,7.6, 
30-sep-2016,0,2.900,0,13.4,0,8.3,4.3, 
01-oct-2016,0,0.900,0,14.2,0,6.5,2.0, 
02-oct-2016,0,5.800,0,15.0,0,4.9,-2.2, 
03-oct-2016,0,30.700,0,16.2,0,9.1,6.2, 
04-oct-2016,0,3.000,0,16.8,0,13.0,9.5, 
05-oct-2016,0,0.000,0,16.4,0,12.7,9.4, 
06-oct-2016,4,0.000,0,13.7,0,10.4,6.5, 
07-oct-2016,0,1.400,0,15.4,0,8.0,2.7, 
08-oct-2016,0,0.500,0,14.0,0,10.8,6.2, 
09-oct-2016,0,0.000,0,15.9,0,7.9,2.0, 
10-oct-2016,0,0.000,0,15.7,0,9.4,4.2, 
11-oct-2016,0,0.000,0,14.3,0,9.5,5.0, 
12-oct-2016,0,0.000,0,14.7,0,8.0,5.8, 
13-oct-2016,0,0.000,0,15.5,0,6.1,-0.4, 
14-oct-2016,0,5.900,0,13.0,0,7.9,2.5, 
15-oct-2016,0,0.400,0,13.7,0,9.0,5.0, 
16-oct-2016,0,8.900,0,13.8,0,5.8,-0.1, 
17-oct-2016,0,5.400,0,14.1,0,8.8,4.7, 
18-oct-2016,0,0.400,0,12.5,0,8.4,3.2, 
19-oct-2016,0,0.300,0,12.5,0,8.6,3.6, 
20-oct-2016,0,0.600,0,13.5,0,7.2,2.4, 
21-oct-2016,0,0.000,0,12.8,0,7.9,2.9, 
22-oct-2016,0,0.000,0,14.2,0,10.3,7.3, 
23-oct-2016,0,0.000,0,11.8,0,7.9,4.3, 
24-oct-2016,0,0.000,0,12.8,0,7.5,3.4, 
25-oct-2016,0,0.500,0,13.8,0,1.2,-4.6, 
26-oct-2016,0,3.000,0,15.5,0,4.4,0.0, 
27-oct-2016,0,11.400,0,14.3,0,12.0,9.0, 
28-oct-2016,0,0.500,0,14.1,0,11.4,8.9, 
29-oct-2016,0,0.000,0,13.8,0,10.0,5.4, 
30-oct-2016,0,0.000,0,17.6,0,11.0,6.1, 
31-oct-2016,0,0.000,0,14.2,0,9.7,5.0, 
01-nov-2016,0,0.000,0,12.4,0,9.1,4.7, 
02-nov-2016,0,2.900,0,11.0,0,8.5,3.5, 
03-nov-2016,0,5.500,0,13.5,0,7.7,4.5, 
04-nov-2016,0,2.300,0,10.5,0,6.5,2.0, 
05-nov-2016,0,5.200,0,10.1,0,6.4,3.2, 
06-nov-2016,0,2.500,0,9.3,0,5.6,1.4, 
07-nov-2016,0,5.500,0,10.4,0,3.9,-2.6, 
08-nov-2016,0,18.200,0,11.7,0,5.0,0.9, 
09-nov-2016,0,11.000,0,11.5,0,6.8,2.5, 
10-nov-2016,0,0.100,0,11.3,0,8.3,4.0, 
11-nov-2016,0,19.800,0,13.7,0,3.4,-2.8, 
12-nov-2016,0,0.400,0,12.7,0,9.5,4.6, 
13-nov-2016,0,1.900,0,13.7,0,8.2,2.8, 
14-nov-2016,0,11.800,0,15.8,0,12.2,9.2, 
15-nov-2016,0,5.000,0,12.7,0,7.8,1.5, 
16-nov-2016,0,23.800,0,10.1,0,7.8,4.1, 
17-nov-2016,0,10.000,0,7.4,0,3.8,1.0, 
18-nov-2016,0,8.400,0,7.5,0,2.7,-1.5, 
19-nov-2016,0,0.100,0,5.6,0,1.0,-2.5, 
20-nov-2016,0,0.000,0,6.7,1,-1.5,-8.4, 
21-nov-2016,0,8.600,0,8.1,0,0.8,-5.0, 
22-nov-2016,0,5.500,0,7.8,0,5.5,1.4, 
23-nov-2016,0,0.000,0,8.2,1,-1.2,-8.0, 
24-nov-2016,0,0.000,0,8.5,1,-1.3,-7.9, 
25-nov-2016,0,0.000,0,7.4,1,-2.1,-9.4, 
26-nov-2016,0,0.000,0,11.7,1,-1.2,-7.0, 
27-nov-2016,0,0.000,0,11.6,0,0.9,-3.6, 
28-nov-2016,0,0.000,0,11.7,0,5.9,2.0, 
29-nov-2016,0,0.000,0,9.4,0,4.7,1.4, 
30-nov-2016,0,0.000,0,10.3,0,5.5,-0.5, 
01-dec-2016,0,0.000,0,6.8,1,-0.5,-7.2, 
02-dec-2016,0,0.000,0,8.7,1,-0.2,-6.9, 
03-dec-2016,0,0.000,0,9.4,0,4.0,1.6, 
04-dec-2016,0,0.000,0,8.5,0,5.4,-0.3, 
05-dec-2016,0,1.800,0,13.8,0,4.6,0.0, 
06-dec-2016,0,30.500,0,14.8,0,4.2,-0.2, 
07-dec-2016,0,6.000,0,14.0,0,12.5,7.8, 
08-dec-2016,0,4.500,0,15.1,0,11.3,7.5, 
09-dec-2016,0,0.200,0,13.6,0,10.9,4.8, 
10-dec-2016,0,1.800,0,11.7,0,10.1,6.0, 
11-dec-2016,0,0.000,0,11.5,0,9.3,5.0, 
12-dec-2016,0,4.800,0,11.6,0,7.6,2.7, 
13-dec-2016,0,11.500,0,14.4,0,9.1,5.1, 
14-dec-2016,0,2.300,0,9.7,0,6.8,2.0, 
15-dec-2016,0,8.500,0,9.5,0,1.4,-4.9, 
16-dec-2016,0,0.500,0,9.7,0,5.5,-0.6, 
17-dec-2016,0,0.000,0,10.6,0,1.0,-5.4, 
18-dec-2016,0,4.300,0,11.0,0,9.1,5.0, 
19-dec-2016,0,1.000,0,10.1,0,6.7,1.2, 
20-dec-2016,0,25.800,0,10.7,0,1.6,-4.5, 
21-dec-2016,0,6.500,0,8.4,0,4.6,0.0, 
22-dec-2016,0,19.400,0,12.4,0,4.9,0.0, 
23-dec-2016,0,6.600,0,10.3,0,7.2,2.5, 
24-dec-2016,0,5.500,0,14.0,0,6.1,1.5, 
25-dec-2016,0,6.600,0,14.0,0,9.0,5.6, 
26-dec-2016,0,0.200,0,8.3,0,6.1,0.6, 
27-dec-2016,0,0.000,0,10.0,0,5.1,-1.5, 
28-dec-2016,0,0.000,0,11.0,0,8.1,4.2, 
29-dec-2016,0,0.000,0,13.0,0,8.9,5.0, 
30-dec-2016,0,0.100,0,13.3,0,11.0,7.5, 
31-dec-2016,0,15.500,0,12.0,0,10.0,9.0, 
01-jan-2017,0,1.000,0,7.2,0,3.0,1.0, 
02-jan-2017,0,0.100,0,7.2,1,-0.2,-2.1, 
03-jan-2017,0,0.500,0,7.4,0,0.7,-1.2, 
04-jan-2017,0,0.000,0,7.2,0,5.4,3.1, 
05-jan-2017,0,8.800,0,12.2,0,5.2,3.2, 
06-jan-2017,0,4.300,0,12.2,0,6.0,4.8, 
07-jan-2017,0,2.800,0,11.5,0,8.5,4.9, 
08-jan-2017,0,15.300,0,11.6,0,8.6,7.5, 
09-jan-2017,0,8.400,0,10.8,0,6.5,3.8, 
10-jan-2017,0,4.200,0,12.5,0,6.3,3.5, 
11-jan-2017,0,8.400,0,8.6,0,7.1,3.5, 
12-jan-2017,0,4.000,0,5.7,0,2.6,0.6, 
13-jan-2017,0,5.100,0,8.7,0,1.1,-1.8, 
14-jan-2017,0,4.900,0,10.9,0,2.8,0.0, 
15-jan-2017,0,4.000,0,11.0,0,7.0,4.9, 
16-jan-2017,0,1.200,0,11.7,0,9.2,7.9, 
17-jan-2017,0,0.700,0,10.4,0,9.2,7.7, 
18-jan-2017,0,0.000,0,10.2,0,7.8,7.0, 
19-jan-2017,0,0.000,0,9.2,0,5.0,0.6, 
20-jan-2017,0,0.000,0,8.7,0,2.2,-2.1, 
21-jan-2017,0,0.000,0,5.9,0,1.5,-1.9, 
22-jan-2017,0,0.000,0,7.4,1,-0.9,-5.6, 
23-jan-2017,0,11.200,0,10.2,1,-0.8,-6.0, 
24-jan-2017,0,13.500,0,11.4,0,7.0,2.1, 
25-jan-2017,0,1.100,0,11.3,0,9.0,7.5, 
26-jan-2017,0,14.300,0,8.6,0,6.8,5.0, 
27-jan-2017,0,4.700,0,8.9,0,6.5,5.0, 
28-jan-2017,0,5.600,0,8.4,0,0.9,-2.1, 
29-jan-2017,0,0.900,0,10.6,0,0.9,-2.9, 
30-jan-2017,0,6.300,0,13.6,0,6.1,3.5, 
31-jan-2017,0,0.800,0,10.7,0,7.4,3.9, 
01-feb-2017,0,4.800,0,12.5,0,5.3,3.5, 
02-feb-2017,0,9.200,0,11.7,0,6.2,4.1, 
03-feb-2017,0,2.500,0,8.3,0,4.7,2.0, 
04-feb-2017,0,6.400,0,5.8,0,1.0,-2.5, 
05-feb-2017,0,10.500,0,8.5,1,-0.4,-4.4, 
06-feb-2017,0,11.400,0,11.9,0,0.2,-3.8, 
07-feb-2017,0,1.000,0,9.5,0,2.6,-0.4, 
08-feb-2017,0,0.200,0,9.5,1,-0.3,-4.6, 
09-feb-2017,0,0.000,0,8.0,0,6.3,4.0, 
10-feb-2017,0,0.000,0,5.5,0,1.9,-2.0, 
11-feb-2017,0,0.000,0,7.2,0,0.9,-4.0, 
12-feb-2017,0,0.400,0,8.5,0,3.1,0.9, 
13-feb-2017,0,2.800,0,11.0,0,2.3,0.9, 
14-feb-2017,0,2.000,0,11.7,0,6.9,5.0, 
15-feb-2017,0,6.700,0,10.7,0,6.9,5.2, 
16-feb-2017,0,1.500,0,11.2,0,8.2,4.5, 
17-feb-2017,0,6.500,0,12.6,0,8.9,7.4, 
18-feb-2017,0,4.200,0,11.4,0,9.0,7.4, 
19-feb-2017,0,7.000,0,12.5,0,8.6,7.2, 
20-feb-2017,0,15.100,0,11.9,0,10.3,8.7, 
21-feb-2017,0,18.000,0,11.9,0,8.9,6.6, 
22-feb-2017,0,24.500,0,11.5,0,8.1,7.2, 
23-feb-2017,0,1.300,0,8.2,0,5.5,3.3, 
24-feb-2017,0,22.500,0,12.0,0,4.1,0.4, 
25-feb-2017,0,10.200,0,10.7,0,7.4,6.7, 
26-feb-2017,0,10.700,0,8.8,0,7.2,4.0, 
27-feb-2017,0,6.400,0,8.3,0,0.9,-1.2, 
28-feb-2017,0,1.200,0,9.2,0,1.2,-2.3, 
01-mar-2017,0,22.500,0,8.8,0,2.6,-0.9, 
02-mar-2017,0,9.600,0,7.4,0,4.6,1.2, 
03-mar-2017,0,65.500,0,6.0,0,3.3,0.4, 
04-mar-2017,0,6.000,0,9.2,0,4.5,3.1, 
05-mar-2017,0,14.400,0,8.8,0,3.1,-0.4, 
06-mar-2017,0,9.000,0,7.8,0,3.1,-1.2, 
07-mar-2017,0,16.800,0,11.6,0,2.6,-1.7, 
08-mar-2017,0,0.700,0,12.5,0,6.2,5.5, 
09-mar-2017,0,6.800,0,12.2,0,7.7,4.6, 
10-mar-2017,0,6.800,0,12.7,0,7.5,5.6, 
11-mar-2017,0,3.600,0,14.2,0,9.1,6.0, 
12-mar-2017,0,1.000,0,11.4,0,8.1,5.0, 
13-mar-2017,0,2.100,0,13.4,0,8.2,4.2, 
14-mar-2017,0,0.100,0,13.0,0,9.3,4.7, 
15-mar-2017,0,3.000,0,13.6,0,8.7,4.4, 
16-mar-2017,0,3.000,0,9.4,0,8.6,7.6, 
17-mar-2017,0,53.700,0,11.7,0,7.2,3.6, 
18-mar-2017,0,15.100,0,11.7,0,8.8,7.7, 
19-mar-2017,0,4.500,0,12.6,0,10.9,10.0, 
20-mar-2017,0,4.300,0,9.0,0,5.4,2.1, 
21-mar-2017,0,0.400,0,8.5,0,2.1,-1.1, 
22-mar-2017,0,1.200,0,9.8,0,2.6,-1.4, 
23-mar-2017,0,0.000,0,10.2,0,5.5,2.1, 
24-mar-2017,0,0.000,0,14.4,0,0.4,-3.8, 
25-mar-2017,0,0.000,0,18.4,0,0.9,-3.5, 
26-mar-2017,0,0.000,0,17.8,0,6.2,0.5, 
27-mar-2017,0,0.100,0,17.3,0,6.5,2.5, 
28-mar-2017,0,6.200,0,14.3,0,7.6,3.6, 
29-mar-2017,0,5.500,0,13.9,0,9.1,7.4, 
30-mar-2017,0,6.700,0,14.4,0,10.6,8.4, 
31-mar-2017,0,7.500,0,14.2,0,9.3,7.2, 
01-apr-2017,0,0.200,0,12.4,0,7.4,4.9, 
02-apr-2017,0,9.600,0,12.0,0,4.0,-0.6, 
03-apr-2017,0,14.000,0,12.2,0,10.4,7.8, 
04-apr-2017,0,0.000,0,11.3,0,7.1,3.2, 
05-apr-2017,0,0.000,0,11.9,0,8.0,6.0, 
06-apr-2017,0,0.000,0,10.5,0,7.9,5.6, 
07-apr-2017,0,0.000,0,11.0,0,7.0,1.9, 
08-apr-2017,0,0.000,0,16.6,0,8.0,5.0, 
09-apr-2017,0,3.000,0,12.5,0,4.9,0.2, 
10-apr-2017,0,0.100,0,11.8,0,6.2,2.6, 
11-apr-2017,0,1.800,0,11.2,0,8.1,5.0, 
12-apr-2017,0,0.300,0,11.9,0,9.4,7.0, 
13-apr-2017,0,5.300,0,11.7,0,8.2,5.9, 
14-apr-2017,0,3.400,0,11.5,0,9.5,7.5, 
15-apr-2017,0,3.300,0,11.9,0,6.4,3.2, 
16-apr-2017,0,0.500,0,12.2,0,7.6,5.3, 
17-apr-2017,0,1.600,0,12.8,0,7.8,5.6, 
18-apr-2017,0,0.000,0,14.4,0,4.8,0.5, 
19-apr-2017,0,0.000,0,15.6,0,10.5,8.5, 
20-apr-2017,0,0.000,0,14.2,0,10.5,8.6, 
21-apr-2017,0,0.000,0,15.4,0,9.3,6.7, 
22-apr-2017,0,0.000,0,13.5,0,10.0,7.7, 
23-apr-2017,0,2.300,0,13.9,0,8.9,7.0, 
24-apr-2017,0,1.000,0,12.1,0,8.4,7.6, 
25-apr-2017,0,7.500,0,9.1,0,4.0,0.6, 
26-apr-2017,0,2.200,0,11.2,0,4.0,0.5, 
27-apr-2017,0,0.000,0,11.8,0,6.8,4.3, 
28-apr-2017,0,1.300,0,12.1,0,6.7,5.1, 
29-apr-2017,0,1.400,0,12.7,0,8.5,5.5, 
30-apr-2017,0,0.000,0,15.7,0,9.0,6.4, 
01-may-2017,0,0.000,0,16.5,0,6.7,2.0, 
02-may-2017,0,0.000,0,20.4,0,6.0,1.5, 
03-may-2017,0,0.000,0,17.3,0,7.6,3.3, 
04-may-2017,0,0.000,0,17.2,0,9.4,5.5, 
05-may-2017,0,0.000,0,16.1,0,8.5,5.4, 
06-may-2017,0,0.000,0,16.3,0,8.1,4.5, 
07-may-2017,0,0.000,0,19.6,0,3.0,-2.5, 
08-may-2017,0,0.000,0,21.2,0,4.6,-0.5, 
09-may-2017,0,0.000,0,17.8,0,5.3,-0.4, 
10-may-2017,0,0.000,0,16.7,0,3.2,-2.1, 
11-may-2017,0,0.000,0,18.2,0,2.9,-2.2, 
12-may-2017,0,0.000,0,17.8,0,8.8,4.8, 
13-may-2017,0,3.000,0,14.6,0,8.9,4.8, 
14-may-2017,0,28.700,0,14.7,0,8.6,4.1, 
15-may-2017,0,16.000,0,15.1,0,10.1,7.1, 
16-may-2017,0,1.800,0,14.3,0,10.8,9.5, 
17-may-2017,0,4.300,0,14.5,0,9.7,7.4, 
18-may-2017,0,1.000,0,14.4,0,7.1,2.8, 
19-may-2017,0,3.500,0,14.0,0,6.0,0.3, 
20-may-2017,0,6.100,0,14.7,0,7.7,4.5, 
21-may-2017,0,9.400,0,16.7,0,7.6,5.6, 
22-may-2017,0,0.000,0,15.4,0,10.6,8.1, 
23-may-2017,0,0.000,0,16.6,0,6.2,0.3, 
24-may-2017,0,0.000,0,17.7,0,12.4,10.0, 
25-may-2017,0,0.000,0,23.7,0,12.2,7.4, 
26-may-2017,0,7.500,0,22.3,0,16.1,10.7, 
27-may-2017,0,0.300,0,17.0,0,12.9,10.1, 
28-may-2017,0,0.000,0,18.4,0,10.0,6.8, 
29-may-2017,0,5.100,0,18.4,0,12.0,8.8, 
30-may-2017,0,0.000,0,17.5,0,11.2,6.7, 
31-may-2017,0,9.300,0,19.0,0,5.5,1.0, 
01-jun-2017,0,6.500,0,15.6,0,12.0,9.6, 
02-jun-2017,0,9.500,0,15.9,0,9.6,5.1, 
03-jun-2017,0,9.300,0,14.8,0,8.7,5.1, 
04-jun-2017,0,8.000,0,14.5,0,8.7,4.9, 
05-jun-2017,0,3.300,0,14.2,0,8.4,5.2, 
06-jun-2017,0,0.800,0,15.3,0,9.0,5.6, 
07-jun-2017,0,7.400,0,14.4,0,8.1,2.9, 
08-jun-2017,0,13.300,0,16.0,0,11.5,8.9, 
09-jun-2017,0,8.800,0,14.9,0,11.4,7.5, 
10-jun-2017,0,3.300,0,15.7,0,11.4,8.9, 
11-jun-2017,0,10.700,0,13.5,0,11.5,8.9, 
12-jun-2017,0,9.500,0,15.5,0,11.4,8.1, 
13-jun-2017,0,1.000,0,15.7,0,11.2,9.2, 
14-jun-2017,0,14.500,0,16.5,0,11.8,9.0, 
15-jun-2017,0,2.800,0,15.2,0,12.1,8.5, 
16-jun-2017,0,0.300,0,16.9,0,12.1,9.0, 
17-jun-2017,0,0.500,0,16.5,0,11.9,10.9, 
18-jun-2017,0,0.000,0,20.6,0,13.7,11.0, 
19-jun-2017,0,0.000,0,20.9,0,10.5,7.2, 
20-jun-2017,0,0.000,0,24.0,0,13.0,8.5, 
21-jun-2017,0,0.000,0,18.4,0,16.0,11.6, 
22-jun-2017,0,9.100,0,14.8,0,10.6,6.4, 
23-jun-2017,0,2.700,0,15.4,0,12.6,9.9, 
24-jun-2017,0,4.600,0,14.7,0,11.3,8.8, 
25-jun-2017,0,0.000,0,14.7,0,10.6,7.4, 
26-jun-2017,0,8.800,0,16.2,0,6.8,2.3, 
27-jun-2017,0,0.700,0,17.1,0,11.6,9.3, 
28-jun-2017,0,2.800,0,18.9,0,10.4,6.3, 
29-jun-2017,0,0.000,0,14.1,0,12.4,9.2, 
30-jun-2017,0,1.300,0,16.7,0,11.0,7.5, 
01-jul-2017,0,2.500,0,16.0,0,8.9,2.7, 
02-jul-2017,0,2.100,0,14.6,0,10.8,4.6, 
03-jul-2017,0,26.300,0,15.9,0,11.6,8.8, 
04-jul-2017,0,0.000,0,17.4,0,13.4,10.7, 
05-jul-2017,0,0.700,0,19.0,0,10.2,4.5, 
06-jul-2017,0,5.000,0,18.8,0,14.0,9.9, 
07-jul-2017,0,0.000,0,17.1,0,12.1,9.5, 
08-jul-2017,0,0.000,0,19.2,0,8.1,1.6, 
09-jul-2017,0,2.100,0,14.7,0,10.0,4.5, 
10-jul-2017,0,4.800,0,15.2,0,10.0,5.0, 
11-jul-2017,0,0.000,0,16.9,0,12.1,9.2, 
12-jul-2017,0,0.000,0,19.2,0,8.3,2.4, 
13-jul-2017,0,0.100,0,15.8,0,11.2,4.8, 
14-jul-2017,0,13.100,0,18.8,0,12.0,8.0, 
15-jul-2017,0,0.700,0,18.0,0,14.5,11.3, 
16-jul-2017,0,0.000,0,17.8,0,12.7,8.5, 
17-jul-2017,0,0.000,0,23.6,0,8.9,3.5, 
18-jul-2017,0,1.800,0,24.4,0,12.4,6.0, 
19-jul-2017,0,4.300,0,18.0,0,17.2,14.3, 
20-jul-2017,0,25.900,0,15.5,0,9.0,8.9, 
21-jul-2017,0,41.500,0,15.4,0,9.6,5.9, 
22-jul-2017,0,0.000,0,19.7,0,9.8,7.7, 
23-jul-2017,0,0.000,0,22.2,0,9.2,5.5, 
24-jul-2017,0,0.000,0,20.4,0,10.7,5.0, 
25-jul-2017,0,25.900,0,21.2,0,11.9,6.4, 
26-jul-2017,0,18.400,0,17.0,0,13.5,10.2, 
27-jul-2017,0,9.100,0,15.2,0,11.0,7.7, 
28-jul-2017,0,5.500,0,16.2,0,11.9,8.2, 
29-jul-2017,0,6.900,0,15.6,0,12.5,9.3, 
30-jul-2017,0,13.700,0,15.4,0,12.1,8.4, 
31-jul-2017,0,12.700,0,16.7,0,11.9,8.6, 
01-aug-2017,0,2.300,0,18.4,0,12.0,8.0, 
02-aug-2017,0,22.200,0,16.6,0,13.4,9.4, 
03-aug-2017,0,1.500,0,17.1,0,12.9,9.0, 
04-aug-2017,0,2.600,0,18.0,0,11.8,6.5, 
05-aug-2017,0,8.000,0,16.5,0,10.0,4.9, 
06-aug-2017,0,4.900,0,16.2,0,12.4,8.2, 
07-aug-2017,0,0.200,0,17.3,0,11.6,7.1, 
08-aug-2017,0,1.500,0,16.5,0,9.8,3.6, 
09-aug-2017,0,0.000,0,18.8,0,11.8,6.9, 
10-aug-2017,0,12.400,0,17.4,0,11.0,6.0, 
11-aug-2017,0,1.800,0,17.1,0,13.5,10.0, 
12-aug-2017,0,0.500,0,17.9,0,13.3,9.1, 
13-aug-2017,0,28.500,0,16.9,0,6.3,-0.5, 
14-aug-2017,0,1.600,0,17.3,0,12.9,9.1, 
15-aug-2017,0,8.500,0,16.9,0,12.4,8.5, 
16-aug-2017,0,6.500,0,17.1,0,12.3,6.5, 
17-aug-2017,0,12.100,0,17.0,0,14.6,10.1, 
18-aug-2017,0,12.500,0,16.4,0,11.1,6.8, 
19-aug-2017,0,0.000,0,15.0,0,11.1,7.1, 
20-aug-2017,0,3.300,0,17.4,0,8.2,1.4, 
21-aug-2017,0,30.000,0,17.9,0,13.5,9.5, 
22-aug-2017,0,3.000,0,19.5,0,16.0,12.2, 
23-aug-2017,0,6.500,0,16.7,0,12.4,7.4, 
24-aug-2017,0,21.400,0,15.8,0,13.0,8.5, 
25-aug-2017,0,4.500,0,18.0,0,13.8,9.9, 
26-aug-2017,0,0.200,0,19.1,0,8.3,1.4, 
27-aug-2017,0,19.000,0,18.5,0,12.8,7.0, 
28-aug-2017,0,0.900,0,16.6,0,14.8,11.0, 
29-aug-2017,0,1.700,0,16.5,0,10.9,4.5, 
30-aug-2017,0,3.800,0,16.5,0,9.9,4.9, 
31-aug-2017,0,0.000,0,18.0,0,7.9,0.6, 
01-sep-2017,0,0.000,0,19.0,0,6.2,1.1, 
02-sep-2017,0,9.000,0,19.0,0,6.8,1.8, 
03-sep-2017,0,2.600,0,20.8,0,11.8,10.7, 
04-sep-2017,0,1.700,0,17.3,0,15.0,13.0, 
05-sep-2017,0,1.000,0,16.4,0,12.8,10.3, 
06-sep-2017,0,2.300,0,16.0,0,13.0,10.2, 
07-sep-2017,0,15.500,0,15.1,0,13.3,11.0, 
08-sep-2017,0,7.400,0,15.5,0,11.9,8.9, 
09-sep-2017,0,3.800,0,16.1,0,11.4,8.5, 
10-sep-2017,0,23.800,0,14.1,0,11.6,9.2, 
11-sep-2017,0,3.400,0,15.1,0,10.4,6.2, 
12-sep-2017,0,14.300,0,14.1,0,9.8,6.6, 
13-sep-2017,0,7.500,0,13.9,0,9.6,6.1, 
14-sep-2017,0,2.000,0,15.2,0,9.0,6.9, 
15-sep-2017,0,2.600,0,15.5,0,10.0,6.9, 
16-sep-2017,0,3.000,0,12.7,0,10.5,7.4, 
17-sep-2017,0,0.200,0,17.1,0,5.2,0.6, 
18-sep-2017,0,3.200,0,16.2,0,4.4,-1.0, 
19-sep-2017,0,16.800,0,16.0,0,9.3,6.9, 
20-sep-2017,0,1.000,0,12.9,0,11.0,9.2, 
21-sep-2017,0,24.500,0,15.6,0,5.9,0.2, 
22-sep-2017,0,0.200,0,17.4,0,10.2,7.1, 
23-sep-2017,0,9.700,0,17.4,0,11.2,6.6, 
24-sep-2017,0,0.500,0,17.7,0,12.7,9.5, 
25-sep-2017,0,0.000,0,17.7,0,6.4,1.0, 
26-sep-2017,0,22.500,0,17.9,0,11.7,9.2, 
27-sep-2017,0,12.100,0,14.9,0,14.4,13.2, 
28-sep-2017,0,6.200,0,15.3,0,7.5,2.6, 
29-sep-2017,0,4.000,0,14.4,0,10.8,8.1, 
30-sep-2017,0,10.200,0,15.5,0,7.6,2.4, 
01-oct-2017,0,5.700,0,15.0,0,8.8,7.4, 
02-oct-2017,0,0.500,0,13.6,0,11.0,8.5, 
03-oct-2017,0,1.800,0,13.3,0,10.4,6.6, 
04-oct-2017,0,18.500,0,15.4,0,11.0,9.6, 
05-oct-2017,0,0.800,0,14.9,0,9.1,5.6, 
06-oct-2017,0,9.800,0,14.9,0,4.0,-1.2, 
07-oct-2017,0,2.300,0,15.2,0,10.1,6.5, 
08-oct-2017,0,4.000,0,14.5,0,10.4,5.2, 
09-oct-2017,0,4.200,0,15.0,0,11.3,8.0, 
10-oct-2017,0,33.400,0,14.3,0,11.5,7.9, 
11-oct-2017,0,2.200,0,14.4,0,12.1,9.6, 
12-oct-2017,0,25.100,0,17.0,0,10.1,7.5, 
13-oct-2017,0,3.400,0,15.3,0,12.2,9.5, 
14-oct-2017,0,5.500,0,16.5,0,11.1,8.4, 
15-oct-2017,0,10.600,0,16.4,0,11.8,8.0, 
16-oct-2017,0,35.300,0,15.1,0,9.5,8.3, 
17-oct-2017,0,0.000,0,14.7,0,9.9,6.5, 
18-oct-2017,0,18.500,0,13.5,0,3.5,-0.4, 
19-oct-2017,0,12.000,0,12.0,0,9.5,6.0, 
20-oct-2017,0,29.500,0,13.4,0,5.4,0.9, 
21-oct-2017,0,16.000,0,12.9,0,8.4,6.0, 
22-oct-2017,0,7.700,0,14.4,0,9.1,6.3, 
23-oct-2017,0,10.000,0,15.0,0,10.8,8.7, 
24-oct-2017,0,3.000,0,14.2,0,11.0,8.0, 
25-oct-2017,0,3.500,0,13.3,0,9.8,7.1, 
26-oct-2017,0,0.000,0,15.8,0,9.6,7.0, 
27-oct-2017,0,0.700,0,15.9,0,3.5,0.5, 
28-oct-2017,0,2.800,0,15.5,0,7.1,4.1, 
29-oct-2017,0,0.100,0,14.3,0,10.8,8.2, 
30-oct-2017,0,8.800,0,13.5,0,6.1,4.0, 
31-oct-2017,0,2.600,0,13.4,0,11.5,9.5, 
01-nov-2017,0,0.200,0,15.1,0,12.2, , 
02-nov-2017,0,0.300,0,11.8,0,8.9, , 
03-nov-2017,0,7.500,0,11.8,0,8.4, , 
04-nov-2017,0,10.200,0,9.8,0,7.4, , 
05-nov-2017,0,3.800,0,13.0,0,5.0, , 
06-nov-2017,0,37.100,0,13.7,0,6.0, , 
07-nov-2017,0,13.000,0,12.5,0,5.5, , 
08-nov-2017,0,10.600,0,13.1,0,4.4, , 
09-nov-2017,0,10.900,0,13.1,0,5.4, , 
10-nov-2017,0,50.500,0,13.7,0,5.2, , 
11-nov-2017,0,3.300,0,12.0,0,8.0, , 
12-nov-2017,0,0.000,0,12.0,0,6.7, , 
13-nov-2017,0,17.800,0,12.5,0,1.0, , 
14-nov-2017,0,2.500,0,12.5,0,9.5, , 
15-nov-2017,0,9.200,0,12.5,0,5.8, , 
16-nov-2017,0,0.000,0,9.5,0,6.1, , 
17-nov-2017,0,6.400,0,10.0,0,4.1, , 
18-nov-2017,0,0.900,0,10.0,0,6.9,3.6, 
19-nov-2017,0,16.000,0,13.5,0,6.6,3.0, 
20-nov-2017,0,22.500,0,14.0,0,8.4,5.5, 
21-nov-2017,0,13.300,0,13.1,0,12.0,8.5, 
22-nov-2017,0,6.200,0,7.8,0,5.5,4.1, 
23-nov-2017,0,11.500,0,8.1,0,4.5,3.9, 
24-nov-2017,0,11.800,0,6.2,0,0.9,-5.0, 
25-nov-2017,0,6.500,0,8.0,0,1.5,-3.6, 
26-nov-2017,0,18.300,0,11.2,0,3.0,-2.4, 
27-nov-2017,0,2.700,0,9.1,0,6.5,2.2, 
28-nov-2017,0,6.100,0,7.0,0,3.1,-1.0, 
29-nov-2017,0,2.500,0,6.5,0,3.1,-1.0, 
30-nov-2017,0,2.100,0,7.9,0,3.2,-2.0, 
01-dec-2017,0,1.800,0,8.8,0,4.5,-0.1, 
02-dec-2017,0,3.000,0,9.6,0,4.7,0.2, 
03-dec-2017,0,2.000,0,9.9,0,8.3,5.9, 
04-dec-2017,0,0.700,0,10.4,0,6.5,2.5, 
05-dec-2017,0,11.200,0,11.8,0,7.2,2.7, 
06-dec-2017,0,45.000,0,14.0,0,9.8,7.6, 
07-dec-2017,0,6.300,0,8.0,0,7.0,2.1, 
08-dec-2017,0,2.000,0,5.9,0,2.2,-1.2, 
09-dec-2017,0,46.200,0,5.6,0,1.0,-2.1, 
10-dec-2017,0,9.700,0,5.0,0,1.2,-2.8, 
11-dec-2017,0,11.000,0,6.6,0,1.5,-3.6, 
12-dec-2017,0,21.600,0,10.1,0,3.2,-0.2, 
13-dec-2017,0,22.300,0,7.2,0,5.5,2.1, 
14-dec-2017,0,9.600,0,8.1,0,3.1,-1.0, 
15-dec-2017,0,5.900,0,9.1,0,4.9,1.8, 
16-dec-2017,0,8.800,0,12.5,0,2.8,-2.5, 
17-dec-2017,0,0.500,0,12.1,0,2.8,2.2, 
18-dec-2017,0,1.600,0,11.9,0,3.4,-0.4, 
19-dec-2017,0,9.700,0,12.7,0,4.4,4.1, 
20-dec-2017,0,13.500,0,12.5,0,9.0,6.4, 
21-dec-2017,0,9.900,0,12.1,0,8.5,5.6, 
22-dec-2017,0,0.600,0,13.5,0,10.2,8.5, 
23-dec-2017,0,6.400,0,13.5,0,10.6,7.6, 
24-dec-2017,0,45.100,0,12.4,0,10.5,8.6, 
25-dec-2017,0,9.800,0,7.0,0,5.5,2.3, 
26-dec-2017,0,2.000,0,6.1,0,2.0,-1.7, 
27-dec-2017,0,0.800,0,7.1,0,2.0,-1.4, 
28-dec-2017,0,20.000,0,8.2,1,-0.1,-5.2, 
29-dec-2017,0,11.500,0,10.5,0,1.4,-2.0, 
30-dec-2017,0,10.300,0,11.5,0,3.2,-1.0, 
31-dec-2017,0,7.700,0,9.2,0,6.6,2.8, 
01-jan-2018,0,6.500,0,10.8,0,6.7, , 
02-jan-2018,0,25.700,0,10.5,0,5.4, , 
03-jan-2018,0,11.500,0,11.0,0,6.7, , 
04-jan-2018,0,2.000,0,8.2,0,5.6, , 
05-jan-2018,0,6.500,0,7.7,0,5.5, , 
06-jan-2018,0,0.000,0,6.2,0,4.7, , 
07-jan-2018,0,0.000,0,5.1,1,-0.8, , 
08-jan-2018,0,1.100,0,9.0,1,-0.6, , 
09-jan-2018,0,24.200,0,9.1,1,-1.4, , 
10-jan-2018,0,11.000,0,6.2,0,3.0, , 
11-jan-2018,0,0.300,0,9.1,0,2.7, , 
12-jan-2018,0,49.200,0,10.9,0,4.0, , 
13-jan-2018,0,0.500,0,10.0,0,1.8, , 
14-jan-2018,0,32.500,0,11.4,0,1.0, , 
15-jan-2018,0,24.100,0,11.2,0,2.8, , 
16-jan-2018,0,11.800,0,6.1,0,2.4, , 
17-jan-2018,0,22.100,0,11.1,0,4.0, , 
18-jan-2018,0,15.400,0,6.8,0,4.9, , 
19-jan-2018,0,13.800,0,10.4,0,3.6, , 
20-jan-2018,0,46.900,0,12.1,0,4.5, , 
21-jan-2018,0,3.900,0,13.7,0,4.5, , 
22-jan-2018,0,11.200,0,12.0,0,8.9, , 
23-jan-2018,0,17.100,0,12.1,0,9.2, , 
24-jan-2018,0,14.300,0,8.4,0,5.9, , 
25-jan-2018,0,7.200,0,8.5,0,6.0, , 
26-jan-2018,0,29.000,0,12.0,0,5.7, , 
27-jan-2018,0,1.600,0,13.4,0,7.0, , 
28-jan-2018,0,18.800,0,12.1,0,10.6, , 
29-jan-2018,0,1.500,0,9.3,0,6.5, , 
30-jan-2018,0,13.200,0,9.0,0,5.8, , 
31-jan-2018,0,6.000,0,8.0,0,4.1, , 
01-feb-2018,0,0.900,0,7.7,0,4.9,2.8, 
02-feb-2018,0,12.300,0,7.9,0,0.0,-2.8, 
03-feb-2018,0,0.900,0,7.9,0,0.6,-0.9, 
04-feb-2018,0,0.000,0,10.2,0,1.8,0.5, 
05-feb-2018,0,8.300,0,6.4,1,-3.6,-6.7, 
06-feb-2018,0,3.600,0,5.3,1,-2.5,-4.5, 
07-feb-2018,0,9.200,0,8.9,1,-0.5,-1.5, 
08-feb-2018,0,25.600,0,8.8,0,2.0,1.0, 
09-feb-2018,0,23.700,0,10.7,1,-2.0,-2.5, 
10-feb-2018,0,26.400,0,10.8,0,0.2,-1.0, 
11-feb-2018,0,6.600,0,5.0,1,-1.2,-1.5, 
12-feb-2018,0,29.200,0,6.8,1,-1.2,-1.8, 
13-feb-2018,0,18.400,0,9.6,1,-0.6,-2.1, 
14-feb-2018,0,5.700,0,9.2,1,-0.7,-1.5, 
15-feb-2018,0,5.500,0,7.0,1,-1.0,-1.5, 
16-feb-2018,0,18.000,0,7.0,0,1.0,-1.5, 
17-feb-2018,0,15.300,0,10.5,0,1.6,-1.2, 
18-feb-2018,0,8.000,0,10.7,0,1.4,-1.0, 
19-feb-2018,0,3.000,0,11.0,0,6.9,5.7, 
20-feb-2018,0,0.000,0,10.8,0,1.8,-1.6, 
21-feb-2018,0,0.000,0,9.8,1,-2.9,-5.1, 
22-feb-2018,0,0.000,0,8.1,0,0.2,-2.5, 
23-feb-2018,0,0.000,0,8.5,0,3.3,2.6, 
24-feb-2018,0,0.000,0,6.3,0,3.0,2.1, 
25-feb-2018,0,0.000,0,7.7,1,-1.2,-3.1, 
26-feb-2018,0,0.000,0,6.0,1,-0.3,-2.8, 
27-feb-2018,0,0.000,0,7.3,1,-2.3,-5.2, 
28-feb-2018,0,0.000,0,0.8,1,-4.2,-6.9, 
01-mar-2018,0,2.200,0,0.7,1,-6.0,-7.0, 
02-mar-2018,0,8.000,0,1.4,1,-5.2,-6.6, 
03-mar-2018,0,1.200,0,2.9,1,-2.2,-4.7, 
04-mar-2018,0,1.100,0,3.7,1,-1.6,-4.4, 
05-mar-2018,0,0.000,0,7.7,1,-0.9,-2.2, 
06-mar-2018,0,17.500,0,8.2,1,-0.6,-1.2, 
07-mar-2018,0,0.400,0,8.8,0,1.6,1.1, 
08-mar-2018,0,0.000,0,9.5,1,-0.8,-3.6, 
09-mar-2018,0,5.700,0,8.0,1,-4.4,-7.4, 
10-mar-2018,0,5.700,0,11.7,0,2.0,1.3, 
11-mar-2018,0,0.000,0,12.3,0,3.4,0.0, 
12-mar-2018,0,3.500,0,10.0,1,-0.4,-2.9, 
13-mar-2018,0,16.900,0,11.1,1,-2.1,-4.2, 
14-mar-2018,0,34.600,0,11.3,0,5.1,5.3, 
15-mar-2018,0,12.700,0,13.1,0,5.1,5.0, 
16-mar-2018,0,0.800,0,13.0,0,3.4,1.4, 
17-mar-2018,0,0.000,0,6.2,0,2.4,2.3, 
18-mar-2018,0,0.000,0,4.5,1,-3.5,-5.5, 
19-mar-2018,0,0.000,0,7.9,1,-2.0,-2.1, 
20-mar-2018,0,0.000,0,9.9,1,-5.6,-10.1, 
21-mar-2018,0,0.000,0,11.1,1,-3.1,-5.8, 
22-mar-2018,0,27.200,0,10.4,0,5.4,4.9, 
23-mar-2018,0,2.700,0,9.7,0,3.7,2.7, 
24-mar-2018,0,1.100,0,11.0,1,-0.6,-1.9, 
25-mar-2018,0,0.200,0,11.7,1,-1.0,-3.1, 
26-mar-2018,0,14.300,0,11.7,1,-1.0,-4.2, 
27-mar-2018,0,9.600,0,8.3,0,4.1,3.0, 
28-mar-2018,0,2.000,0,9.4,0,0.6,-1.4, 
29-mar-2018,0,9.500,0,9.9,1,-1.5,-4.4, 
30-mar-2018,0,0.100,0,9.5,0,0.9,-1.9, 
31-mar-2018,0,0.200,0,11.1,0,1.8,-1.4, 
01-apr-2018,0,3.900,0,9.0,1,-0.5,-4.0, 
02-apr-2018,0,2.000,0,5.9,0,1.1,0.6, 
03-apr-2018,0,23.700,0,7.8,0,3.9,1.6, 
04-apr-2018,0,0.400,0,8.7,0,2.0,1.4, 
05-apr-2018,0,33.100,0,11.1,0,0.6,-2.8, 
06-apr-2018,0,18.200,0,11.7,0,3.2,1.2, 
07-apr-2018,0,0.200,0,13.5,0,2.2,-0.3, 
08-apr-2018,0,0.100,0,14.4,0,0.6,-3.0, 
09-apr-2018,0,0.600,0,11.1,0,5.4,2.4, 
10-apr-2018,0,0.000,0,12.7,0,6.0,3.5, 
11-apr-2018,0,0.000,0,11.3,0,6.5,5.1, 
12-apr-2018,0,0.000,0,12.6,0,6.5,5.6, 
13-apr-2018,0,2.000,0,13.6,0,3.6,1.5, 
14-apr-2018,0,2.600,0,14.9,0,5.1,3.1, 
15-apr-2018,0,15.200,0,13.7,0,7.6,7.1, 
16-apr-2018,0,56.500,0,12.4,0,5.5,3.4, 
17-apr-2018,0,1.500,0,13.7,0,7.3,7.0, 
18-apr-2018,0,14.900,0,15.5,0,9.9,9.0, 
19-apr-2018,0,0.200,0,15.6,0,8.2,8.0, 
20-apr-2018,0,0.000,0,14.0,0,7.5,4.9, 
21-apr-2018,0,16.600,0,12.9,0,4.8,0.3, 
22-apr-2018,0,2.900,0,12.0,0,5.7,5.6, 
23-apr-2018,0,4.400,0,12.0,0,7.0,5.5, 
24-apr-2018,0,14.200,0,11.5,0,7.0,5.7, 
25-apr-2018,0,8.000,0,11.7,0,5.2,4.2, 
26-apr-2018,0,3.100,0,11.8,0,5.2,3.1, 
27-apr-2018,0,0.100,0,13.2,0,0.1,-2.1, 
28-apr-2018,0,0.900,0,13.2,1,-1.5,-3.9, 
29-apr-2018,0,9.300,0,13.7,1,-1.9,-4.8, 
30-apr-2018,0,10.400,0,12.5,1,-1.5,-4.1, 
01-may-2018,0,15.900,0,10.2,0,7.1,4.4, 
02-may-2018,0,3.200,0,11.2,0,4.6,1.7, 
03-may-2018,0,2.700,0,12.0,0,6.1,4.7, 
04-may-2018,0,1.200,0,14.6,0,7.6,6.0, 
05-may-2018,0,0.000,0,16.9,0,9.0,8.0, 
06-may-2018,0,0.000,0,15.0,0,8.7,8.0, 
07-may-2018,0,4.800,0,15.3,0,9.8,7.6, 
08-may-2018,0,15.000,0,13.4,0,8.3,7.7, 
09-may-2018,0,6.200,0,12.7,0,6.5,6.1, 
10-may-2018,0,19.300,0,13.0,0,3.9,3.0, 
11-may-2018,0,2.000,0,12.4,0,4.8,5.1, 
12-may-2018,0,2.000,0,13.5,0,2.4,-2.4, 
13-may-2018,0,0.600,0,14.1,0,5.7,3.4, 
14-may-2018,0,2.000,0,16.0,0,8.3,7.1, 
15-may-2018,0,0.000,0,13.3,0,8.5,6.7, 
16-may-2018,0,0.000,0,15.5,0,5.9,2.4, 
17-may-2018,0,0.000,0,17.6,0,4.1,0.7, 
18-may-2018,0,0.000,0,15.8,0,9.0,7.2, 
19-may-2018,0,10.200,0,15.4,0,9.5,6.7, 
20-may-2018,0,16.800,0,14.5,0,10.0,8.5, 
21-may-2018,0,0.000,0,14.9,0,7.0,6.0, 
22-may-2018,0,0.000,0,17.8,0,6.4,2.2, 
23-may-2018,0,0.000,0,21.5,0,3.2,-0.5, 
24-may-2018,0,0.000,0,19.1,0,5.6,2.3, 
25-may-2018,0,0.000,0,19.6,0,10.8,8.9, 
26-may-2018,0,0.000,0,23.1,0,7.8,4.8, 
27-may-2018,0,0.000,0,22.7,0,13.5,10.5, 
28-may-2018,0,0.000,0,26.1,0,10.6,6.5, 
29-may-2018,0,0.000,0,24.4,0,11.5,7.9, 
30-may-2018,0,0.000,0,24.0,0,11.3,7.3, 
31-may-2018,0,0.000,0,21.0,0,12.4,9.1, 
01-jun-2018,0,0.000,0,21.0,0,11.5,9.4, 
02-jun-2018,0,0.800,0,20.1,0,11.2,8.0, 
03-jun-2018,0,0.000,0,20.0,0,13.0,11.3, 
04-jun-2018,0,0.000,0,23.4,0,10.7,7.2, 
05-jun-2018,0,0.000,0,22.8,0,12.1,9.6, 
06-jun-2018,0,0.000,0,23.6,0,11.5,7.5, 
07-jun-2018,0,0.000,0,25.7,0,9.1,4.5, 
08-jun-2018,0,7.500,0,22.8,0,11.9,8.5, 
09-jun-2018,0,0.000,0,18.2,0,10.6,7.2, 
10-jun-2018,0,0.000,0,16.9,0,10.8,8.4, 
11-jun-2018,0,0.500,0,17.0,0,10.9,6.6, 
12-jun-2018,0,2.000,0,18.5,0,10.3,7.2, 
13-jun-2018,0,32.000,0,16.2,0,6.5,1.6, 
14-jun-2018,0,3.200,0,16.2,0,9.5,5.6, 
15-jun-2018,0,25.200,0,15.2,0,8.4,4.8, 
16-jun-2018,0,3.900,0,14.2,0,9.9,5.5, 
17-jun-2018,0,2.400,0,15.0,0,10.4,5.5, 
18-jun-2018,0,0.500,0,15.1,0,11.6,6.9, 
19-jun-2018,0,40.700,0,16.1,0,9.5,5.0, 
20-jun-2018,0,0.000,0,14.7,0,10.0,5.7, 
21-jun-2018,0,0.000,0,16.5,0,8.6,2.2, 
22-jun-2018,0,0.000,0,17.6,0,5.5,-0.5, 
23-jun-2018,0,0.000,0,19.0,0,5.7,0.2, 
24-jun-2018,0,0.000,0,23.1,0,5.2,-1.2, 
25-jun-2018,0,0.000,0,24.4,0,6.6,1.0, 
26-jun-2018,0,0.000,0,28.3,0,12.8,8.0, 
27-jun-2018,0,0.000,0,29.1,0,14.1,7.1, 
28-jun-2018,0,0.000,0,30.4,0,12.3,6.3, 
29-jun-2018,0,0.000,0,29.5,0,15.1,8.6, 
30-jun-2018,0,0.000,0,25.7,0,13.5,8.1, 
01-jul-2018,0,0.000,0,16.7,0,13.8,8.4, 
02-jul-2018,0,0.000,0,22.7,0,10.7,3.5, 
03-jul-2018,0,0.000,0,26.6,0,11.9,7.8, 
04-jul-2018,0,0.200,0,22.8,0,11.8,4.9, 
05-jul-2018,0,0.000,0,19.7,0,13.1,7.3, 
06-jul-2018,0,0.800,0,21.6,0,9.7,2.5, 
07-jul-2018,0,0.200,0,20.2,0,15.4,8.7, 
08-jul-2018,0,0.000,0,21.0,0,16.1,10.7, 
09-jul-2018,0,0.000,0,22.3,0,14.7,9.0, 
10-jul-2018,0,1.700,0,21.3,0,12.5,5.0, 
11-jul-2018,0,0.200,0,19.3,0,14.9,9.0, 
12-jul-2018,0,0.000,0,18.3,0,14.0,7.9, 
13-jul-2018,0,1.100,0,19.7,0,13.5,8.3, 
14-jul-2018,0,14.000,0,17.4,0,13.5,6.4, 
15-jul-2018,0,7.000,0,17.6,0,15.4,9.2, 
16-jul-2018,0,0.800,0,16.7,0,12.3,5.6, 
17-jul-2018,0,0.500,0,18.9,0,11.1,5.6, 
18-jul-2018,0,0.300,0,19.0,0,9.2,3.0, 
19-jul-2018,0,6.800,0,18.3,0,10.1,4.3, 
20-jul-2018,0,0.000,0,18.7,0,15.0,8.6, 
21-jul-2018,0,0.000,0,17.9,0,12.7,8.5, 
22-jul-2018,0,10.800,0,21.6,0,14.5,9.8, 
23-jul-2018,0,0.500,0,17.8,0,15.2,10.5, 
24-jul-2018,0,0.300,0,19.0,0,10.6,2.7, 
25-jul-2018,0,4.100,0,21.2,0,13.0,8.0, 
26-jul-2018,0,6.100,0,18.3,0,16.4,12.0, 
27-jul-2018,0,14.500,0,17.9,0,14.1,11.0, 
28-jul-2018,0,0.400,0,16.6,0,10.6,3.3, 
29-jul-2018,0,7.000,0,16.7,0,7.2,3.9, 
30-jul-2018,0,18.700,0,16.7,0,11.5,7.6, 
31-jul-2018,0,7.900,0,15.7,0,11.3,5.4, 
01-aug-2018,0,26.400,0,17.0,0,13.3, , 
02-aug-2018,0,2.300,0,18.9,0,14.9, , 
03-aug-2018,0,0.400,0,18.5,0,14.8, , 
04-aug-2018,0,0.000,0,18.0,0,13.7, , 
05-aug-2018,0,12.200,0,17.5,0,11.7, , 
06-aug-2018,0,0.700,0,16.7,0,14.5, , 
07-aug-2018,0,7.800,0,16.5,0,11.4, , 
08-aug-2018,0,3.800,0,15.5,0,11.0, , 
09-aug-2018,0,6.000,0,16.3,0,9.5, , 
10-aug-2018,0,0.100,0,18.1,0,8.6, , 
11-aug-2018,0,2.300,0,19.9,0,6.8, , 
12-aug-2018,0,1.800,0,18.9,0,12.2, , 
13-aug-2018,0,6.800,0,17.9,0,12.9, , 
14-aug-2018,0,12.700,0,17.7,0,14.8, , 
15-aug-2018,0,9.800,0,18.5,0,14.2, , 
16-aug-2018,0,21.800,0,15.5,0,11.5, , 
17-aug-2018,0,15.400,0,15.9,0,11.9, , 
18-aug-2018,0,27.500,0,18.3,0,11.8, , 
19-aug-2018,0,2.000,0,19.3,0,14.4, , 
20-aug-2018,0,0.200,0,18.2,0,15.1, , 
21-aug-2018,0,24.900,0,19.7,0,14.2, , 
22-aug-2018,0,8.000,0,15.7,0,12.4, , 
23-aug-2018,0,9.500,0,14.6,0,12.1, , 
24-aug-2018,0,5.100,0,14.4,0,10.5, , 
25-aug-2018,0,17.300,0,16.6,0,9.2, , 
26-aug-2018,0,5.100,0,15.7,0,11.2, , 
27-aug-2018,0,0.300,0,15.2,0,12.6, , 
28-aug-2018,0,6.600,0,15.1,0,12.8, , 
29-aug-2018,0,0.200,0,16.4,0,8.8, , 
30-aug-2018,0,1.500,0,19.1,0,7.0, , 
31-aug-2018,0,1.100,0,18.0,0,12.4, , 
01-sep-2018,0,0.100,0,20.7,0,13.7, , 
02-sep-2018,0,5.800,0,17.5,0,14.5, , 
03-sep-2018,0,0.000,0,16.5,0,8.8, , 
04-sep-2018,0,3.100,0,16.1,0,8.0, , 
05-sep-2018,0,22.500,0,16.0,0,8.5, , 
06-sep-2018,0,1.500,0,14.0,0,12.6, , 
07-sep-2018,0,3.700,0,15.2,0,8.0, , 
08-sep-2018,0,27.500,0,15.2,0,8.0, , 
09-sep-2018,0,2.800,0,15.7,0,12.0, , 
10-sep-2018,0,19.700,0,16.6,0,12.0, , 
11-sep-2018,0,2.500,0,15.3,0,11.7, , 
12-sep-2018,0,5.500,0,15.6,0,10.7, , 
13-sep-2018,0,5.600,0,14.6,0,10.5, , 
14-sep-2018,0,0.300,0,16.2,0,11.1, , 
15-sep-2018,0,17.100,0,16.6,0,12.0, , 
16-sep-2018,0,3.600,0,15.1,0,12.8, , 
17-sep-2018,0,49.300,0,18.3,0,11.6, , 
18-sep-2018,0,32.600,0,16.7,0,11.5, , 
19-sep-2018,0,5.600,0,14.0,0,9.2, , 
20-sep-2018,0,7.600,0,12.9,0,7.6, , 
21-sep-2018,0,0.600,0,14.2,0,7.6, , 
22-sep-2018,0,0.000,0,15.0,0,8.0, , 
23-sep-2018,0,0.500,0,12.8,0,7.3, , 
24-sep-2018,0,1.200,0,15.0,0,2.6, , 
25-sep-2018,0,20.100,0,17.3,0,8.2, , 
26-sep-2018,0,3.900,0,15.9,0,11.3, , 
27-sep-2018,0,0.900,0,14.0,0,12.5, , 
28-sep-2018,0,0.000,0,14.8,0,4.4, , 
29-sep-2018,0,5.600,0,14.8,0,2.6, , 
30-sep-2018,0,0.000,0,12.8,0,9.5, , 
01-oct-2018,0,10.800,0,15.0,0,8.8, , 
02-oct-2018,0,2.500,0,15.1,0,11.0, , 
03-oct-2018,0,4.600,0,14.6,0,12.0, , 
04-oct-2018,0,2.100,0,14.7,0,12.3, , 
05-oct-2018,0,0.600,0,12.2,0,5.4, , 
06-oct-2018,0,5.500,0,12.5,0,3.5, , 
07-oct-2018,0,10.000,0,15.1,0,4.0, , 
08-oct-2018,0,90.800,0,14.8,0,12.0, , 
09-oct-2018,0,9.800,0,15.5,0,13.2, , 
10-oct-2018,0,4.000,0,20.1,0,13.4, , 
11-oct-2018,0,21.800,0,14.5,0,12.0, , 
12-oct-2018,0,35.300,0,15.0,0,11.4, , 
13-oct-2018,0,6.500,0,11.0,0,9.6, , 
14-oct-2018,0,0.000,0,13.6,0,3.4, , 
15-oct-2018,0,9.200,0,15.2,0,3.2, , 
16-oct-2018,0,6.000,0,14.7,0,4.9, , 
17-oct-2018,0,0.000,0,13.3,0,6.8, , 
18-oct-2018,0,2.000,0,12.6,0,3.2, , 
19-oct-2018,0,6.000,0,14.1,0,8.5, , 
20-oct-2018,0,10.400,0,15.2,0,12.4, , 
21-oct-2018,0,0.400,0,13.0,0,10.5, , 
22-oct-2018,0,0.000,0,14.0,0,6.6, , 
23-oct-2018,0,0.000,0,14.0,0,10.9, , 
24-oct-2018,0,0.000,0,12.4,0,9.4, , 
25-oct-2018,0,5.300,0,12.3,0,10.0, , 
26-oct-2018,0,11.500,0,9.4,0,5.7, , 
27-oct-2018,0,6.000,0,9.0,0,3.8, , 
28-oct-2018,0,0.100,0,10.7,0,0.0, , 
29-oct-2018,0,9.100,0,9.0,0,1.3, , 
30-oct-2018,0,9.300,0,10.9,0,5.3, , 
31-oct-2018,0,7.800,0,10.5,0,1.4, , 
01-nov-2018,0,3.100,0,10.6,0,1.2,-2.4, 
02-nov-2018,0,65.000,0,14.6,0,0.1,-3.2, 
03-nov-2018,0,3.700,0,14.1,0,8.5,4.7, 
04-nov-2018,0,0.300,0,13.1,0,9.5,6.2, 
05-nov-2018,0,2.800,0,13.0,0,5.7,3.5, 
06-nov-2018,0,32.200,0,11.4,0,5.6,3.1, 
07-nov-2018,0,12.900,0,10.5,0,6.4,3.8, 
08-nov-2018,0,11.900,0,11.1,0,4.0,1.5, 
09-nov-2018,0,35.000,0,11.0,0,7.9,5.5, 
10-nov-2018,0,8.800,0,11.4,0,4.5,2.5, 
11-nov-2018,0,23.400,0,10.4,0,5.5,3.0, 
12-nov-2018,0,8.000,0,11.1,0,7.5,5.5, 
13-nov-2018,0,61.200,0,14.1,0,8.8,5.7, 
14-nov-2018,0,29.500,0,15.4,0,9.8,7.7, 
15-nov-2018,0,8.900,0,12.1,0,10.2,7.8, 
16-nov-2018,0,0.200,0,14.2,0,8.8,5.9, 
17-nov-2018,0,0.000,0,14.8,0,12.0,10.2, 
18-nov-2018,0,0.000,0,12.5,0,7.9,5.4, 
19-nov-2018,0,0.000,0,10.0,0,7.4,4.4, 
20-nov-2018,0,0.600,0,7.6,0,5.3,2.8, 
21-nov-2018,0,6.000,0,7.6,0,5.2,2.8, 
22-nov-2018,0,0.000,0,8.6,0,4.5,2.5, 
23-nov-2018,0,0.400,0,8.6,0,5.1,2.8, 
24-nov-2018,0,0.000,0,9.4,0,5.5,4.0, 
25-nov-2018,0,0.000,0,9.3,0,3.0,-0.5, 
26-nov-2018,0,33.700,0,10.6,0,4.9,2.0, 
27-nov-2018,0,32.100,0,14.8,0,6.5,5.7, 
28-nov-2018,0,30.000,0,13.4,0,7.8,5.5, 
29-nov-2018,0,12.200,0,11.1,0,8.7,6.5, 
30-nov-2018,0,3.200,0,8.5,0,6.5,2.1, 
01-dec-2018,0,12.400,0,10.7,0,5.7,3.3, 
02-dec-2018,0,11.200,0,11.7,0,6.7,5.9, 
03-dec-2018,0,1.800,0,9.0,0,4.6,2.8, 
04-dec-2018,0,15.500,0,7.7,0,1.5,-1.6, 
05-dec-2018,0,14.800,0,13.3,0,1.5,1.4, 
06-dec-2018,0,8.500,0,13.3,0,6.9,6.6, 
07-dec-2018,0,5.300,0,11.2,0,5.8,3.0, 
08-dec-2018,0,12.900,0,11.1,0,6.5,4.6, 
09-dec-2018,0,3.000,0,10.5,0,8.6,6.5, 
10-dec-2018,0,0.500,0,12.5,0,3.9,0.4, 
11-dec-2018,0,7.800,0,11.8,0,8.9,6.4, 
12-dec-2018,0,23.800,0,9.2,0,3.0,0.3, 
13-dec-2018,0,8.300,0,9.0,0,7.3,4.9, 
14-dec-2018,0,18.500,0,11.8,0,7.0,5.5, 
15-dec-2018,0,38.400,0,13.0,0,8.5,7.0, 
16-dec-2018,0,7.400,0,10.1,0,5.6,3.5, 
17-dec-2018,0,70.500,0,13.0,0,6.1,3.0, 
18-dec-2018,0,9.000,0,9.6,0,6.7,5.7, 
19-dec-2018,0,14.200,0,10.1,0,6.3,3.9, 
20-dec-2018,0,10.400,0,9.3,0,6.7,5.4, 
21-dec-2018,0,6.200,0,10.0,0,5.6,5.3, 
22-dec-2018,0,11.900,0,10.1,0,6.0,5.0, 
23-dec-2018,0,1.400,0,10.0,0,7.2,6.2, 
24-dec-2018,0,2.500,0,13.0,0,7.4,5.9, 
25-dec-2018,0,0.300,0,13.5,0,8.3,7.0, 
26-dec-2018,0,0.600,0,12.0,0,10.5,8.6, 
27-dec-2018,0,5.500,0,12.0,0,8.5,5.6, 
28-dec-2018,0,8.500,0,12.2,0,5.1,1.8, 
29-dec-2018,0,0.800,0,12.4,0,5.3,2.9, 
30-dec-2018,0,0.500,0,11.9,0,9.4,7.4, 
31-dec-2018,0,0.000,0,11.4,0,10.2,8.9, 
01-jan-2019,0,0.900,0,11.5,0,8.0,6.2, 
02-jan-2019,0,0.000,0,9.1,0,6.3,4.5, 
03-jan-2019,0,0.000,0,9.9,0,6.4,5.7, 
04-jan-2019,0,0.000,0,10.0,0,7.4,6.0, 
05-jan-2019,0,15.900,0,11.0,0,4.9,3.0, 
06-jan-2019,0,21.800,0,12.5,0,8.5,5.9, 
07-jan-2019,0,4.600,0,12.4,0,10.0,9.6, 
08-jan-2019,0,1.400,0,11.2,0,7.1,4.9, 
09-jan-2019,0,3.500,0,11.7,0,8.2,6.9, 
10-jan-2019,0,0.200,0,13.0,0,9.1,8.3, 
11-jan-2019,0,5.500,0,10.7,0,7.9,6.0, 
12-jan-2019,0,3.000,0,11.7,0,8.5,7.1, 
13-jan-2019,0,0.300,0,11.8,0,9.2,7.9, 
14-jan-2019,0,3.700,0,10.5,0,7.8,5.2, 
15-jan-2019,0,10.600,0,11.0,0,8.0,7.0, 
16-jan-2019,0,8.300,0,8.2,0,5.0,2.4, 
17-jan-2019,0,14.300,0,7.4,0,1.6,-1.0, 
18-jan-2019,0,15.400,0,9.2,0,2.0,-0.1, 
19-jan-2019,0,8.500,0,9.1,0,5.7,4.5, 
20-jan-2019,0,1.700,0,8.4,0,5.5,4.9, 
21-jan-2019,0,25.800,0,8.3,0,1.5,-1.4, 
22-jan-2019,0,4.200,0,6.8,0,2.0,0.5, 
23-jan-2019,0,6.500,0,12.7,0,2.5,1.5, 
24-jan-2019,0,2.800,0,12.0,0,5.7,5.4, 
25-jan-2019,0,16.500,0,10.7,0,10.0,8.6, 
26-jan-2019,0,8.000,0,9.7,0,8.6,8.1, 
27-jan-2019,0,9.300,0,8.0,0,3.2,2.0, 
28-jan-2019,0,24.600,0,8.4,0,1.1,1.0, 
29-jan-2019,0,9.400,0,5.4,0,1.7,-0.5, 
30-jan-2019,0,7.700,0,6.2,0,0.8,-0.5, 
31-jan-2019,0,41.200,0,4.3,1,-0.6,-3.2, 
01-feb-2019,0,3.600,0,6.0,1,-0.8,-2.6, 
02-feb-2019,0,4.000,0,8.5,0,0.3,-2.7, 
03-feb-2019,0,18.900,0,10.2,1,-0.3,-2.6, 
04-feb-2019,0,6.900,0,10.5,0,6.1,2.2, 
05-feb-2019,0,20.500,0,11.9,0,0.5,-2.7, 
06-feb-2019,0,31.500,0,10.1,0,4.5,2.5, 
07-feb-2019,0,34.000,0,11.4,0,0.1,-1.5, 
08-feb-2019,0,5.900,0,9.9,0,5.9,4.5, 
09-feb-2019,0,9.100,0,8.4,0,6.8,3.7, 
10-feb-2019,0,5.100,0,9.3,0,1.9,-0.6, 
11-feb-2019,0,16.000,0,12.3,0,3.9,1.3, 
12-feb-2019,0,11.000,0,12.5,0,6.3,5.1, 
13-feb-2019,0,11.500,0,12.1,0,9.9,8.7, 
14-feb-2019,0,0.000,0,13.6,0,9.6,8.9, 
15-feb-2019,0,8.100,0,12.7,0,9.5,6.5, 
16-feb-2019,0,27.000,0,11.9,0,8.0,5.9, 
17-feb-2019,0,13.000,0,9.9,0,6.4,5.0, 
18-feb-2019,0,13.000,0,10.6,0,6.5,3.5, 
19-feb-2019,0,37.100,0,10.6,0,6.0,3.0, 
20-feb-2019,0,8.000,0,13.1,0,7.8,6.7, 
21-feb-2019,0,1.900,0,14.3,0,10.2,10.0, 
22-feb-2019,0,6.800,0,14.8,0,12.0,10.2, 
23-feb-2019,0,0.600,0,12.7,0,11.2,10.0, 
24-feb-2019,0,3.600,0,14.5,0,4.5,1.6, 
25-feb-2019,0,0.000,0,17.6,0,10.1,7.6, 
26-feb-2019,0,0.000,0,17.3,0,9.0,6.1, 
27-feb-2019,0,0.000,0,15.3,0,5.3,2.3, 
28-feb-2019,0,0.000,0,14.0,0,5.6,2.8, 
01-mar-2019,0,20.600,0,10.6,0,6.1,3.0, 
02-mar-2019,0,24.500,0,11.6,0,4.5,0.7, 
03-mar-2019,0,13.600,0,8.0,0,6.2,4.5, 
04-mar-2019,0,21.200,0,9.3,0,3.0,1.4, 
05-mar-2019,0,32.300,0,11.3,0,3.0,0.5, 
06-mar-2019,0,2.800,0,9.7,0,4.2,3.5, 
07-mar-2019,0,4.900,0,11.2,0,5.5,3.5, 
08-mar-2019,0,8.400,0,10.7,0,1.8,-0.5, 
09-mar-2019,0,12.800,0,9.1,0,6.1,4.1, 
10-mar-2019,0,6.200,0,8.0,0,3.8,0.4, 
11-mar-2019,0,42.500,0,11.5,0,2.0,-0.1, 
12-mar-2019,0,9.600,0,8.9,0,4.0,0.4, 
13-mar-2019,0,26.900,0,11.1,0,5.9,2.7, 
14-mar-2019,0,19.100,0,11.7,0,6.6,5.9, 
15-mar-2019,0,30.500,0,12.1,0,7.6,5.5, 
16-mar-2019,0,12.300,0,9.7,0,5.0,4.2, 
17-mar-2019,0,25.700,0,10.0,0,2.8,-0.2, 
18-mar-2019,0,8.400,0,10.7,0,6.0,4.5, 
19-mar-2019,0,7.400,0,11.4,0,7.2,5.0, 
20-mar-2019,0,3.500,0,12.5,0,8.8,7.1, 
21-mar-2019,0,12.900,0,11.6,0,10.4,9.6, 
22-mar-2019,0,1.000,0,11.0,0,8.5,7.4, 
23-mar-2019,0,0.800,0,9.9,0,3.5,1.6, 
24-mar-2019,0,0.000,0,10.7,0,3.6,1.1, 
25-mar-2019,0,0.000,0,11.7,0,7.5,4.5, 
26-mar-2019,0,0.000,0,11.7,0,3.8,0.9, 
27-mar-2019,0,0.000,0,12.1,0,9.0,6.7, 
28-mar-2019,0,0.000,0,14.2,0,6.9,3.6, 
29-mar-2019,0,2.100,0,12.0,0,8.6,6.7, 
30-mar-2019,0,0.000,0,9.9,0,8.0,7.9, 
31-mar-2019,0,0.000,0,12.7,0,4.9,2.4, 
01-apr-2019,0,11.200,0,9.2,0,3.2,1.1, 
02-apr-2019,0,12.000,0,7.6,0,3.9,1.2, 
03-apr-2019,0,10.800,0,8.6,0,2.0,-0.3, 
04-apr-2019,0,4.400,0,10.4,0,2.0,2.5, 
05-apr-2019,0,3.500,0,12.5,0,1.9,-1.4, 
06-apr-2019,0,0.200,0,13.1,0,7.0,4.5, 
07-apr-2019,0,0.000,0,14.9,0,0.1,-1.4, 
08-apr-2019,0,0.000,0,16.2,0,4.7,4.0, 
09-apr-2019,0,0.000,0,14.3,0,7.4,5.9, 
10-apr-2019,0,0.000,0,14.3,0,3.6,1.6, 
11-apr-2019,0,0.000,0,14.4,0,7.7,4.9, 
12-apr-2019,0,0.000,0,18.4,0,7.6,5.4, 
13-apr-2019,0,30.000,0,11.2,0,7.5,6.0, 
14-apr-2019,0,8.700,0,8.8,0,4.6,2.8, 
15-apr-2019,0,9.800,0,11.0,0,4.6,2.6, 
16-apr-2019,0,0.100,0,15.9,0,6.8,3.1, 
17-apr-2019,0,0.000,0,15.9,0,8.5,6.4, 
18-apr-2019,0,0.000,0,20.0,0,9.8,7.0, 
19-apr-2019,0,0.000,0,19.6,0,11.6,7.6, 
20-apr-2019,0,0.000,0,17.4,0,9.5,6.1, 
21-apr-2019,0,0.000,0,15.3,0,10.2,8.8, 
22-apr-2019,0,0.100,0,21.4,0,11.6,9.0, 
23-apr-2019,0,8.300,0,19.6,0,11.7,9.4, 
24-apr-2019,0,17.800,0,15.0,0,11.0,8.1, 
25-apr-2019,0,10.600,0,16.2,0,8.1,5.6, 
26-apr-2019,0,18.500,0,10.4,0,7.5,6.1, 
27-apr-2019,0,6.500,0,11.4,0,5.5,2.9, 
28-apr-2019,0,0.400,0,13.3,0,6.9,4.5, 
29-apr-2019,0,12.000,0,14.4,0,11.1,9.7, 
30-apr-2019,0,0.700,0,13.6,0,8.8,6.7, 
01-may-2019,0,9.300,0,11.5,0,5.0,1.1, 
02-may-2019,0,0.000,0,14.9,0,5.0,5.7, 
03-may-2019,0,0.000,0,12.8,0,4.3,-0.3, 
04-may-2019,0,0.000,0,14.3,0,5.0,1.5, 
05-may-2019,0,0.000,0,14.6,0,1.1,-3.6, 
06-may-2019,0,0.000,0,12.4,0,3.5,-0.2, 
07-may-2019,0,0.600,0,13.9,0,5.6,2.5, 
08-may-2019,0,0.000,0,12.3,0,7.2,5.5, 
09-may-2019,0,0.000,0,13.0,0,5.2,0.3, 
10-may-2019,0,2.300,0,14.1,0,0.5,-3.6, 
11-may-2019,0,0.000,0,14.3,0,6.0,1.7, 
12-may-2019,0,0.000,0,18.3,0,6.2,2.0, 
13-may-2019,0,0.000,0,20.2,0,10.4,6.2, 
14-may-2019,0,0.000,0,20.1,0,11.5,7.3, 
15-may-2019,0,0.000,0,20.0,0,10.5,6.8, 
16-may-2019,0,0.800,0,15.6,0,11.4,8.7, 
17-may-2019,0,0.000,0,17.5,0,7.7,6.0, 
18-may-2019,0,0.500,0,13.8,0,10.6,9.0, 
19-may-2019,0,0.000,0,15.6,0,9.9,8.4, 
20-may-2019,0,0.000,0,16.5,0,7.9,3.8, 
21-may-2019,0,0.000,0,17.0,0,3.4,-0.6, 
22-may-2019,0,2.100,0,17.0,0,6.9,2.5, 
23-may-2019,0,0.300,0,15.2,0,10.1,8.2, 
24-may-2019,0,0.400,0,16.3,0,10.8,7.1, 
25-may-2019,0,27.000,0,14.6,0,12.1,6.5, 
26-may-2019,0,7.700,0,14.2,0,11.6,8.6, 
27-may-2019,0,6.600,0,13.5,0,10.4,10.2, 
28-may-2019,0,9.100,0,15.0,0,7.8,3.6, 
29-may-2019,0,39.000,0,14.5,0,9.5,5.7, 
30-may-2019,0,59.000,0,14.6,0,12.5,10.5, 
31-may-2019,0,11.000,0,15.9,0,13.0,11.0, 
01-jun-2019,0,23.300,0,17.0,0,10.7,7.5, 
02-jun-2019,0,7.800,0,13.7,0,11.3,9.4, 
03-jun-2019,0,0.900,0,14.4,0,10.0,7.9, 
04-jun-2019,0,4.500,0,14.2,0,5.0,5.1, 
05-jun-2019,0,12.000,0,13.7,0,9.0,6.0, 
06-jun-2019,0,16.500,0,12.9,0,7.8,5.2, 
07-jun-2019,0,2.000,0,14.0,0,7.6,4.6, 
08-jun-2019,0,5.700,0,13.6,0,9.1,5.0, 
09-jun-2019,0,0.000,0,14.2,0,8.3,8.5, 
10-jun-2019,0,0.000,0,12.8,0,4.9,-1.4, 
11-jun-2019,0,1.900,0,13.8,0,10.4,6.0, 
12-jun-2019,0,2.400,0,16.0,0,10.3,8.0, 
13-jun-2019,0,2.200,0,12.0,0,9.7,3.0, 
14-jun-2019,0,7.500,0,15.0,0,5.3,0.6, 
15-jun-2019,0,6.000,0,14.8,0,4.6,1.0, 
16-jun-2019,0,16.000,0,13.4,0,6.9,3.5, 
17-jun-2019,0,3.000,0,15.9,0,10.8,7.9, 
18-jun-2019,0,0.900,0,15.7,0,10.6,6.1, 
19-jun-2019,0,1.900,0,14.6,0,11.2,7.5, 
20-jun-2019,0,0.000,0,14.7,0,9.0,4.5, 
21-jun-2019,0,0.000,0,17.4,0,8.0,3.2, 
22-jun-2019,0,3.200,0,18.6,0,11.8,10.3, 
23-jun-2019,0,18.000,0,16.0,0,12.3,9.1, 
24-jun-2019,0,0.000,0,20.7,0,13.7,11.0, 
25-jun-2019,0,0.000,0,21.4,0,11.5,7.5, 
26-jun-2019,0,0.000,0,22.4,0,12.6,7.6, 
27-jun-2019,0,0.000,0,25.5,0,13.7,9.0, 
28-jun-2019,0,0.000,0,20.0,0,17.7,12.6, 
29-jun-2019,0,5.100,0,19.1,0,15.0,11.5, 
30-jun-2019,0,3.000,0,15.7,0,13.0,10.5, 
01-jul-2019,0,0.000,0,16.2,0,12.1, , 
02-jul-2019,0,0.000,0,16.3,0,11.7, , 
03-jul-2019,0,0.000,0,19.5,0,6.7, , 
04-jul-2019,0,1.700,0,17.3,0,7.3, , 
05-jul-2019,0,1.800,0,19.4,0,11.0, , 
06-jul-2019,0,0.400,0,18.1,0,14.0, , 
07-jul-2019,0,0.900,0,19.6,0,10.6, , 
08-jul-2019,0,0.000,0,18.8,0,12.0, , 
09-jul-2019,0,6.000,0,20.5,0,14.5, , 
10-jul-2019,0,17.500,0,18.0,0,15.8, , 
11-jul-2019,0,1.600,0,18.6,0,13.5, , 
12-jul-2019,0,0.000,0,17.3,0,13.7, , 
13-jul-2019,0,0.000,0,20.4,0,13.4, , 
14-jul-2019,0,0.000,0,22.5,0,8.8, , 
15-jul-2019,0,0.000,0,21.8,0,12.0, , 
16-jul-2019,0,25.000,0,19.4,0,12.6, , 
17-jul-2019,0,4.700,0,17.5,0,14.5, , 
18-jul-2019,0,1.000,0,17.6,0,13.6, , 
19-jul-2019,0,2.700,0,18.0,0,12.5, , 
20-jul-2019,0,4.500,0,18.2,0,13.2, , 
21-jul-2019,0,48.800,0,19.4,0,14.0, , 
22-jul-2019,0,8.000,0,19.8,0,16.3, , 
23-jul-2019,0,2.800,0,20.9,0,17.6, , 
24-jul-2019,0,14.400,0,20.4,0,15.7, , 
25-jul-2019,0,14.300,0,23.3,0,16.3, , 
26-jul-2019,0,2.300,0,17.4,0,15.3, , 
27-jul-2019,0,6.500,0,18.9,0,11.0, , 
28-jul-2019,0,0.700,0,18.6,0,12.1, , 
29-jul-2019,0,10.700,0,17.4,0,12.7, , 
30-jul-2019,0,2.000,0,17.6,0,13.5, , 
31-jul-2019,0,1.700,0,19.3,0,9.2, , 
01-aug-2019,0,0.000,0,20.5,0,7.7,1.7, 
02-aug-2019,0,0.000,0,22.7,0,11.0,6.1, 
03-aug-2019,0,4.200,0,20.6,0,15.4,13.0, 
04-aug-2019,0,10.700,0,19.3,0,14.6,12.9, 
05-aug-2019,0,29.700,0,17.6,0,13.4,10.5, 
06-aug-2019,0,5.800,0,18.3,0,13.4,11.5, 
07-aug-2019,0,1.000,0,19.8,0,13.1,11.4, 
08-aug-2019,0,27.800,0,21.1,0,11.3,8.8, 
09-aug-2019,0,8.000,0,21.3,0,13.7,11.7, 
10-aug-2019,0,35.100,0,16.9,0,16.0,15.0, 
11-aug-2019,0,4.500,0,17.0,0,12.0,10.2, 
12-aug-2019,0,0.800,0,16.7,0,10.0,7.5, 
13-aug-2019,0,2.200,0,17.4,0,9.4,5.0, 
14-aug-2019,0,4.500,0,18.1,0,14.5,12.6, 
15-aug-2019,0,33.500,0,17.6,0,12.7,8.8, 
16-aug-2019,0,2.500,0,17.5,0,14.2,13.3, 
17-aug-2019,0,10.700,0,17.4,0,12.1,8.2, 
18-aug-2019,0,9.000,0,16.8,0,13.0,10.0, 
19-aug-2019,0,10.500,0,14.4,0,11.7,9.0, 
20-aug-2019,0,14.000,0,17.2,0,10.7,7.6, 
21-aug-2019,0,12.500,0,16.7,0,13.8,10.5, 
22-aug-2019,0,1.000,0,17.0,0,14.0,11.4, 
23-aug-2019,0,1.600,0,18.4,0,14.1,11.7, 
24-aug-2019,0,0.100,0,18.1,0,14.3,12.0, 
25-aug-2019,0,0.000,0,19.3,0,11.5,9.2, 
26-aug-2019,0,8.700,0,16.7,0,12.0,8.4, 
27-aug-2019,0,22.800,0,16.7,0,12.1,10.7, 
28-aug-2019,0,7.500,0,16.9,0,11.0,8.5, 
29-aug-2019,0,22.300,0,17.6,0,12.0,9.0, 
30-aug-2019,0,74.300,0,16.9,0,15.0,11.7, 
31-aug-2019,0,5.900,0,16.1,0,11.5,10.3, 
01-sep-2019,0,3.500,0,15.5,0,10.0,7.2, 
02-sep-2019,0,6.900,0,16.3,0,12.0,9.2, 
03-sep-2019,0,12.900,0,16.4,0,13.9,9.4, 
04-sep-2019,0,0.400,0,15.2,0,11.4,8.4, 
05-sep-2019,0,12.300,0,16.2,0,11.4,8.8, 
06-sep-2019,0,0.000,0,16.1,0,13.3,10.2, 
07-sep-2019,0,0.400,0,17.1,0,11.7,10.1, 
08-sep-2019,0,24.300,0,15.9,0,12.1,9.1, 
09-sep-2019,0,1.000,0,15.9,0,11.0,8.9, 
10-sep-2019,0,31.600,0,16.8,0,9.8,8.2, 
11-sep-2019,0,16.400,0,16.8,0,13.0,9.5, 
12-sep-2019,0,0.700,0,15.7,0,13.7,9.9, 
13-sep-2019,0,0.000,0,17.5,0,9.0,5.0, 
14-sep-2019,0,8.300,0,16.5,0,9.1,3.7, 
15-sep-2019,0,21.400,0,16.7,0,12.5,9.2, 
16-sep-2019,0,0.000,0,17.8,0,10.5,8.5, 
17-sep-2019,0,0.000,0,18.3,0,5.4,1.5, 
18-sep-2019,0,0.000,0,19.8,0,5.9,2.4, 
19-sep-2019,0,0.000,0,22.9,0,7.4,3.0, 
20-sep-2019,0,0.000,0,21.2,0,10.0,7.6, 
21-sep-2019,0,13.700,0,21.1,0,14.2,10.5, 
22-sep-2019,0,1.800,0,16.2,0,14.5,12.2, 
23-sep-2019,0,23.600,0,15.5,0,10.3,6.5, 
24-sep-2019,0,4.900,0,16.9,0,13.5,9.6, 
25-sep-2019,0,23.000,0,16.2,0,13.3,10.3, 
26-sep-2019,0,21.800,0,15.0,0,12.4,10.2, 
27-sep-2019,0,47.400,0,15.4,0,8.9,6.9, 
28-sep-2019,0,8.100,0,15.2,0,12.4,10.5, 
29-sep-2019,0,0.300,0,16.4,0,11.8,9.8, 
30-sep-2019,0,20.000,0,13.1,0,6.5,2.5, 
01-oct-2019,0,0.000,0,14.4,0,11.0,8.9, 
02-oct-2019,0,1.400,0,13.4,0,8.4,4.2, 
03-oct-2019,0,29.700,0,15.5,0,8.5,5.8, 
04-oct-2019,0,2.000,0,16.6,0,11.2,8.0, 
05-oct-2019,0,9.400,0,17.3,0,10.4,6.4, 
06-oct-2019,0,10.600,0,14.9,0,10.3,6.8, 
07-oct-2019,0,3.500,0,16.0,0,11.6,10.0, 
08-oct-2019,0,6.300,0,14.8,0,10.0,5.8, 
09-oct-2019,0,11.200,0,14.3,0,9.9,5.6, 
10-oct-2019,0,6.000,0,14.9,0,7.9,5.5, 
11-oct-2019,0,4.800,0,14.1,0,9.3,5.7, 
12-oct-2019,0,2.800,0,14.4,0,8.2,4.0, 
13-oct-2019,0,14.800,0,13.6,0,5.4,0.5, 
14-oct-2019,0,12.200,0,11.6,0,5.0,0.5, 
15-oct-2019,0,11.500,0,13.0,0,7.1,3.5, 
16-oct-2019,0,17.400,0,14.2,0,7.6,3.4, 
17-oct-2019,0,34.000,0,11.0,0,8.5,5.6, 
18-oct-2019,0,17.900,0,11.6,0,6.0,1.6, 
19-oct-2019,0,5.700,0,13.6,0,8.1,4.5, 
20-oct-2019,0,0.300,0,11.3,0,9.1,5.6, 
21-oct-2019,0,0.100,0,11.8,0,7.6,5.4, 
22-oct-2019,0,8.100,0,13.0,0,8.7,7.3, 
23-oct-2019,0,23.000,0,13.4,0,10.8,8.5, 
24-oct-2019,0,2.000,0,12.9,0,9.0,4.9, 
25-oct-2019,0,3.500,0,9.5,0,1.1,-3.4, 
26-oct-2019,0,4.800,0,10.0,0,0.5,-3.6, 
27-oct-2019,0,0.200,0,11.7,0,3.0,-0.1, 
28-oct-2019,0,0.000,0,10.2,0,3.6,-1.5, 
29-oct-2019,0,0.000,0,10.7,0,5.4,0.8, 
30-oct-2019,0,5.100,0,12.7,0,6.2,4.0, 
31-oct-2019,0,2.400,0,13.1,0,9.3,7.2, 
01-nov-2019,0,39.600,0,13.3,0,9.8,5.5, 
02-nov-2019,0,16.800,0,12.1,0,9.5,7.6, 
03-nov-2019,0,10.200,0,10.7,0,8.7,6.4, 
04-nov-2019,0,3.900,0,12.7,0,5.5,1.0, 
05-nov-2019,0,2.300,0,11.5,0,7.4,4.8, 
06-nov-2019,0,29.500,0,9.6,0,2.1,-2.6, 
07-nov-2019,0,0.000,0,10.0,0,5.9,2.6, 
08-nov-2019,0,15.500,0,9.4,0,2.1,-2.5, 
09-nov-2019,0,2.200,0,10.5,0,5.5,1.3, 
10-nov-2019,0,14.100,0,10.3,0,2.3,-2.8, 
11-nov-2019,0,5.600,0,9.1,0,5.6,0.4, 
12-nov-2019,0,14.800,0,9.9,0,4.4,-0.3, 
13-nov-2019,0,14.400,0,7.8,0,4.2,-0.7, 
14-nov-2019,0,3.200,0,8.7,0,4.0,0.3, 
15-nov-2019,0,0.300,0,9.1,0,5.0,1.1, 
16-nov-2019,0,3.500,0,7.7,0,1.3,-2.7, 
17-nov-2019,0,0.500,0,9.6,0,3.4,1.6, 
18-nov-2019,0,11.700,0,9.5,1,-1.2,-6.5, 
19-nov-2019,0,2.400,0,10.0,0,5.1,1.4, 
20-nov-2019,0,19.400,0,10.0,0,7.2,3.9, 
21-nov-2019,0,9.700,0,9.2,0,7.5,4.1, 
22-nov-2019,0,0.400,0,8.5,0,6.0,3.2, 
23-nov-2019,0,0.000,0,10.7,0,6.5,4.0, 
24-nov-2019,0,8.500,0,11.9,0,1.0,-3.6, 
25-nov-2019,0,4.400,0,11.4,0,5.6,4.5, 
26-nov-2019,0,12.500,0,10.6,0,8.2,5.7, 
27-nov-2019,0,0.700,0,9.8,0,7.2,2.5, 
28-nov-2019,0,1.500,0,10.1,0,5.4,0.9, 
29-nov-2019,0,0.000,0,10.1,0,5.5,2.6, 
30-nov-2019,0,0.000,0,8.5,0,5.0,2.0, 
01-dec-2019,0,0.000,0,8.5,0,3.0,-2.0, 
02-dec-2019,0,0.000,0,9.3,1,-0.7,-5.1, 
03-dec-2019,0,18.400,0,10.3,0,4.7,1.9, 
04-dec-2019,0,9.400,0,12.6,0,7.8,2.5, 
05-dec-2019,0,19.100,0,12.5,0,7.0,3.6, 
06-dec-2019,0,12.400,0,11.4,0,9.2,7.0, 
07-dec-2019,0,32.500,0,13.0,0,8.5,6.0, 
08-dec-2019,0,9.200,0,10.1,0,6.7,3.1, 
09-dec-2019,0,44.300,0,13.0,0,6.9,3.6, 
10-dec-2019,0,17.000,0,13.0,0,8.1,3.6, 
11-dec-2019,0,14.100,0,10.2,0,4.0,0.6, 
12-dec-2019,0,26.400,0,10.0,0,3.8,0.5, 
13-dec-2019,0,8.000,0,8.6,0,5.4,1.6, 
14-dec-2019,0,8.400,0,7.4,0,2.9,0.4, 
15-dec-2019,0,2.700,0,6.7,0,0.4,-2.8, 
16-dec-2019,0,10.900,0,8.0,0,2.4,-1.8, 
17-dec-2019,0,18.700,0,8.5,0,0.7,-4.0, 
18-dec-2019,0,26.400,0,11.8,0,1.3,-4.4, 
19-dec-2019,0,0.400,0,10.0,0,7.8,5.0, 
20-dec-2019,0,0.000,0,7.0,0,1.5,-2.5, 
21-dec-2019,0,8.600,0,8.0,0,2.0,-1.8, 
22-dec-2019,0,5.000,0,9.6,0,3.8,0.3, 
23-dec-2019,0,2.800,0,9.3,0,7.6,3.6, 
24-dec-2019,0,0.500,0,9.3,0,4.8,0.8, 
25-dec-2019,0,12.700,0,9.6,0,0.4,-3.5, 
26-dec-2019,0,29.500,0,12.5,0,2.4,-1.5, 
27-dec-2019,0,10.300,0,12.6,0,9.0,6.2, 
28-dec-2019,0,0.400,0,13.1,0,9.8,7.5, 
29-dec-2019,0,1.700,0,12.6,0,10.7,7.1, 
30-dec-2019,0,0.000,0,11.6,0,11.0,9.5, 
31-dec-2019,0,0.200,0,10.0,0,3.1,0.2, 
01-jan-2020,0,21.500,0,11.8,0,5.0,2.1, 
02-jan-2020,0,6.200,0,12.4,0,8.9,7.0, 
03-jan-2020,0,2.000,0,9.6,0,4.4,1.2, 
04-jan-2020,0,8.200,0,10.9,0,6.9,2.9, 
05-jan-2020,0,22.000,0,11.1,0,8.2,5.9, 
06-jan-2020,0,12.500,0,12.6,0,8.5,6.7, 
07-jan-2020,0,8.500,0,13.2,0,8.0,3.1, 
08-jan-2020,0,9.800,0,8.2,0,5.8,2.4, 
09-jan-2020,0,1.600,0,7.8,0,1.6,-2.4, 
10-jan-2020,0,58.300,0,12.8,0,2.3,-2.4, 
11-jan-2020,0,6.200,0,10.2,0,7.0,4.4, 
12-jan-2020,0,9.400,0,9.3,0,5.5,1.5, 
13-jan-2020,0,25.300,0,9.4,0,4.5,1.9, 
14-jan-2020,0,6.700,0,8.0,0,2.6,-1.5, 
15-jan-2020,0,26.500,0,10.8,0,2.1,-1.6, 
16-jan-2020,0,7.200,0,10.7,0,5.8,1.5, 
17-jan-2020,0,3.400,0,8.1,0,4.0,-1.0, 
18-jan-2020,0,0.100,0,8.0,1,-1.8,-7.7, 
19-jan-2020,0,0.000,0,9.8,1,-1.2,-6.7, 
20-jan-2020,0,0.600,0,10.1,0,4.5,0.0, 
21-jan-2020,0,0.300,0,10.3,0,8.7,5.4, 
22-jan-2020,0,0.000,0,11.7,0,7.3,5.6, 
23-jan-2020,0,0.900,0,8.9,0,2.8,-1.1, 
24-jan-2020,0,2.900,0,9.0,0,2.8,-1.6, 
25-jan-2020,1,20.000,0,9.5,0,7.1,5.8, 
26-jan-2020,0,24.600,0,7.8,0,4.7,2.6, 
27-jan-2020,0,12.300,0,6.3,0,1.6,-0.2, 
28-jan-2020,0,23.500,0,9.6,0,0.5,-0.5, 
29-jan-2020,0,12.800,0,10.9,0,0.5,0.3, 
30-jan-2020,0,17.300,0,11.6,0,7.5,6.5, 
31-jan-2020,0,5.100,0,12.0,0,8.4,4.5, 
01-feb-2020,0,4.100,0,11.2,0,7.8,5.8, 
02-feb-2020,0,4.400,0,11.2,0,5.0,4.8, 
03-feb-2020,0,11.100,0,8.5,0,5.6,1.4, 
04-feb-2020,0,0.000,0,10.3,0,5.1,1.8, 
05-feb-2020,0,0.000,0,10.2,0,3.7,-0.8, 
06-feb-2020,0,0.000,0,10.7,0,3.4,-2.1, 
07-feb-2020,0,26.000,0,11.1,0,6.1,3.6, 
08-feb-2020,0,72.200,0,12.1,0,4.0,1.9, 
09-feb-2020,0,17.200,0,11.0,0,6.1,5.6, 
10-feb-2020,0,7.100,0,7.4,0,4.4,0.5, 
11-feb-2020,0,6.800,0,6.7,0,2.9,0.5, 
12-feb-2020,0,21.500,0,7.1,0,2.7,-0.5, 
13-feb-2020,0,13.100,0,11.1,0,3.1,-0.8, 
14-feb-2020,0,47.000,0,10.6,0,2.6,-2.5, 
15-feb-2020,0,12.500,0,10.5,0,5.3,3.5, 
16-feb-2020,0,5.900,0,8.9,0,4.2,2.0, 
17-feb-2020,0,11.500,0,8.0,0,4.5,0.6, 
18-feb-2020,0,15.600,0,9.1,0,4.5,0.6, 
19-feb-2020,0,48.100,0,11.0,0,3.9,1.6, 
20-feb-2020,0,17.100,0,11.2,0,4.1,0.7, 
21-feb-2020,0,19.100,0,11.6,0,5.0,1.0, 
22-feb-2020,0,18.500,0,7.9,0,3.2,1.9, 
23-feb-2020,0,33.500,0,11.6,0,2.9,1.7, 
24-feb-2020,0,12.900,0,8.0,0,2.4,2.5, 
25-feb-2020,0,7.200,0,6.7,0,2.4,0.4, 
26-feb-2020,0,3.600,0,7.5,0,1.5,-0.8, 
27-feb-2020,0,11.800,0,11.1,0,1.4,-3.1, 
28-feb-2020,0,23.500,0,11.1,0,3.2,0.0, 
29-feb-2020,0,13.300,0,5.4,0,2.0,1.9, 
01-mar-2020,0,6.100,0,8.1,0,3.5,1.9, 
02-mar-2020,0,18.900,0,7.7,0,2.5,0.1, 
03-mar-2020,0,2.500,0,8.4,0,2.8,0.8, 
04-mar-2020,0,0.400,0,10.7,1,-1.0,-5.4, 
05-mar-2020,0,15.600,0,8.1,1,-0.4,-4.5, 
06-mar-2020,0,2.500,0,11.5,0,3.1,1.1, 
07-mar-2020,0,30.500,0,11.1,0,6.0,3.9, 
08-mar-2020,0,6.000,0,9.6,0,5.2,4.1, 
09-mar-2020,0,24.500,0,12.1,0,5.7,3.1, 
10-mar-2020,0,4.500,0,10.6,0,7.2,3.5, 
11-mar-2020,0,19.400,0,9.0,0,6.4,5.3, 
12-mar-2020,0,9.600,0,9.4,0,2.0,-0.5, 
13-mar-2020,0,4.200,0,9.8,0,5.5,2.5, 
14-mar-2020,0,24.200,0,11.6,0,6.0,3.1, 
15-mar-2020,0,0.500,0,9.6,0,5.0,2.0, 
16-mar-2020,0,20.000,0,11.0,0,2.7,-2.0, 
17-mar-2020,0,15.900,0,10.9,0,7.2,4.8, 
18-mar-2020,0,0.800,0,8.9,0,4.5,1.1, 
19-mar-2020,0,1.500,0,9.5,0,0.0,-2.6, 
20-mar-2020,0,2.300,0,10.5,1,-0.2,-2.9, 
21-mar-2020,0,11.000,0,7.7,0,3.6,1.7, 
22-mar-2020,0,0.100,0,10.8,0,3.5,1.7, 
23-mar-2020,0,7.300,0,9.8,0,6.5,4.0, 
24-mar-2020,0,19.700,0,10.5,0,7.1,6.1, 
25-mar-2020,0,8.400,0,10.6,0,8.0,7.0, 
26-mar-2020,0,0.100,0,10.2,0,7.0,5.1, 
27-mar-2020,0,0.000,0,11.6,0,6.1,4.1, 
28-mar-2020,0,0.000,0,12.2,0,7.1,4.9, 
29-mar-2020,0,0.000,0,9.6,0,2.2,-1.0, 
30-mar-2020,0,0.000,0,10.7,0,3.8,0.5, 
31-mar-2020,0,0.200,0,11.0,0,5.4,2.5, 
01-apr-2020,0,0.100,0,10.8,0,4.9,2.2, 
02-apr-2020,0,1.900,0,11.0,0,6.9,4.9, 
03-apr-2020,0,1.600,0,10.9,0,6.5,4.5, 
04-apr-2020,0,0.600,0,13.2,0,5.9,2.5, 
05-apr-2020,0,11.700,0,14.4,0,8.9,4.1, 
06-apr-2020,0,0.400,0,12.1,0,7.3,4.5, 
07-apr-2020,0,0.100,0,14.0,0,6.5,2.8, 
08-apr-2020,0,0.000,0,14.7,0,9.0,7.0, 
09-apr-2020,0,0.000,0,18.2,0,5.8,3.1, 
10-apr-2020,0,1.600,0,16.1,0,9.5,8.5, 
11-apr-2020,0,1.100,0,16.6,0,6.1,3.9, 
12-apr-2020,0,0.100,0,10.8,0,7.1,3.8, 
13-apr-2020,0,0.000,0,13.5,0,5.7,3.3, 
14-apr-2020,0,0.000,0,14.7,0,1.0,-0.9, 
15-apr-2020,0,0.000,0,17.7,0,0.7,-3.6, 
16-apr-2020,0,0.000,0,17.6,0,5.6,0.7, 
17-apr-2020,0,0.000,0,18.9,0,8.2,4.0, 
18-apr-2020,0,0.000,0,16.9,0,9.3,2.5, 
19-apr-2020,0,0.000,0,16.7,0,8.9,7.9, 
20-apr-2020,0,0.000,0,16.8,0,8.1,4.0, 
21-apr-2020,0,0.000,0,18.0,0,5.5,0.5, 
22-apr-2020,0,0.000,0,18.1,0,9.4,4.8, 
23-apr-2020,0,0.000,0,19.9,0,6.2,1.8, 
24-apr-2020,0,0.000,0,20.9,0,9.4,5.4, 
25-apr-2020,0,0.000,0,19.1,0,6.1,1.1, 
26-apr-2020,0,0.600,0,15.7,0,7.0,4.2, 
27-apr-2020,0,2.000,0,13.4,0,5.9,1.5, 
28-apr-2020,0,9.000,0,14.7,0,3.7,0.5, 
29-apr-2020,0,2.500,0,13.3,0,7.2,5.6, 
30-apr-2020,0,2.700,0,13.0,0,6.0,3.0, 
01-may-2020,0,3.400,0,11.1,0,5.5,1.4, 
02-may-2020,0,0.200,0,14.2,0,5.6,3.2, 
03-may-2020,0,0.000,0,17.0,0,7.4,5.2, 
04-may-2020,0,0.000,0,17.1,0,7.7,4.7, 
05-may-2020,0,0.000,0,17.2,0,9.1,3.4, 
06-may-2020,0,6.100,0,19.4,0,10.8,8.7, 
07-may-2020,0,2.300,0,14.3,0,11.7,10.0, 
08-may-2020,0,0.000,0,17.0,0,11.0,9.3, 
09-may-2020,0,0.000,0,21.2,0,7.2,2.9, 
10-may-2020,0,0.000,0,16.4,0,8.9,6.2, 
11-may-2020,0,0.000,0,13.2,0,4.0,0.2, 
12-may-2020,0,0.000,0,12.1,0,1.5,-3.4, 
13-may-2020,0,0.000,0,14.2,0,7.1,2.9, 
14-may-2020,0,0.000,0,15.2,0,0.2,-4.0, 
15-may-2020,0,0.000,0,14.1,0,3.5,-2.0, 
16-may-2020,0,1.500,0,13.7,0,7.4,1.5, 
17-may-2020,0,12.300,0,13.8,0,9.9,4.6, 
18-may-2020,0,12.600,0,14.2,0,10.7,8.2, 
19-may-2020,0,0.800,0,16.3,0,12.1,10.0, 
20-may-2020,0,1.900,0,18.2,0,12.7,10.1, 
21-may-2020,0,19.000,0,16.0,0,8.7,5.0, 
22-may-2020,0,5.600,0,13.4,0,10.2,5.2, 
23-may-2020,0,1.800,0,13.7,0,8.7,2.9, 
24-may-2020,0,0.500,0,16.6,0,10.1,8.1, 
25-may-2020,0,6.800,0,14.9,0,9.9,5.2, 
26-may-2020,0,0.000,0,17.3,0,5.5,1.5, 
27-may-2020,0,0.000,0,21.7,0,6.7,2.6, 
28-may-2020,0,0.000,0,25.2,0,9.4,4.7, 
29-may-2020,0,0.000,0,24.2,0,15.2,9.2, 
30-may-2020,0,0.000,0,25.4,0,14.1,8.5, 
31-may-2020,0,0.000,0,25.2,0,12.7,4.1, 
01-jun-2020,0,0.000,0,24.6,0,9.7,2.2, 
02-jun-2020,0,0.000,0,19.9,0,8.5,1.4, 
03-jun-2020,0,1.600,0,15.7,0,11.5,7.2, 
04-jun-2020,0,0.600,0,14.2,0,10.0,5.6, 
05-jun-2020,0,6.100,0,13.5,0,9.9,5.4, 
06-jun-2020,0,3.200,0,12.0,0,6.9,3.9, 
07-jun-2020,0,0.100,0,15.0,0,9.3,4.0, 
08-jun-2020,0,0.000,0,13.2,0,9.0,4.9, 
09-jun-2020,0,7.000,0,13.7,0,6.0,-0.5, 
10-jun-2020,0,5.000,0,14.5,0,9.0,7.2, 
11-jun-2020,0,0.100,0,18.3,0,9.5,7.2, 
12-jun-2020,0,0.000,0,17.9,0,11.5,7.5, 
13-jun-2020,0,0.100,0,18.4,0,14.1,6.9, 
14-jun-2020,0,71.900,0,21.4,0,12.6,4.2, 
15-jun-2020,0,4.300,0,21.2,0,13.0,10.0, 
16-jun-2020,0,0.300,0,14.7,0,12.0,10.4, 
17-jun-2020,0,0.000,0,18.8,0,11.4,9.5, 
18-jun-2020,0,0.000,0,17.5,0,8.2,3.4, 
19-jun-2020,0,0.000,0,17.4,0,9.2,5.4, 
20-jun-2020,0,25.800,0,15.9,0,9.1,4.2, 
21-jun-2020,0,10.500,0,16.6,0,12.4, , 
22-jun-2020,0,28.400,0,16.8,0,11.8,8.4, 
23-jun-2020,0,1.000,0,16.7,0,10.9,7.4, 
24-jun-2020,0,0.000,0,18.3,0,10.7,6.0, 
25-jun-2020,0,0.000,0,23.2,0,11.0,6.9, 
26-jun-2020,0,2.100,0,17.9,0,12.4,8.8, 
27-jun-2020,0,56.000,0,14.1,0,11.9,6.2, 
28-jun-2020,0,63.300,0,13.4,0,10.2,5.5, 
29-jun-2020,0,10.500,0,13.8,0,11.0,6.5, 
30-jun-2020,0,0.500,0,16.2,0,10.7,8.1, 
01-jul-2020,0,2.800,0,15.5,0,11.0,8.2, 
02-jul-2020,0,24.000,0,16.0,0,10.9,6.0, 
03-jul-2020,0,7.400,0,15.3,0,12.1,12.0, 
04-jul-2020,0,10.700,0,16.0,0,12.7,9.6, 
05-jul-2020,0,4.800,0,13.9,0,11.0,7.5, 
06-jul-2020,0,23.300,0,16.0,0,11.7,8.0, 
07-jul-2020,0,13.200,0,15.7,0,10.6,7.9, 
08-jul-2020,0,13.000,0,15.2,0,12.5,9.8, 
09-jul-2020,0,6.000,0,16.7,0,12.6,8.0, 
10-jul-2020,0,0.100,0,17.0,0,10.1,5.9, 
11-jul-2020,0,0.000,0,16.9,0,6.0,2.5, 
12-jul-2020,0,13.200,0,15.4,0,8.6,3.0, 
13-jul-2020,0,1.500,0,16.6,0,13.2,9.7, 
14-jul-2020,0,0.700,0,15.1,0,11.7,8.2, 
15-jul-2020,0,0.500,0,17.6,0,12.4,8.1, 
16-jul-2020,0,16.000,0,18.2,0,13.8,11.2, 
17-jul-2020,0,2.500,0,15.6,0,14.6,12.0, 
18-jul-2020,0,0.100,0,17.2,0,10.9,7.1, 
19-jul-2020,0,0.000,0,17.6,0,8.3,4.8, 
20-jul-2020,0,0.000,0,18.5,0,5.8,0.5, 
21-jul-2020,0,35.000,0,18.7,0,9.8,3.9, 
22-jul-2020,0,31.300,0,16.5,0,13.0,10.9, 
23-jul-2020,0,0.200,0,16.5,0,13.8,10.2, 
24-jul-2020,0,14.700,0,16.4,0,12.7,9.8, 
25-jul-2020,0,11.600,0,16.0,0,12.8,9.2, 
26-jul-2020,0,21.700,0,17.2,0,12.0,8.6, 
27-jul-2020,0,1.100,0,15.5,0,11.2,6.9, 
28-jul-2020,0,0.000,0,16.1,0,11.5,8.5, 
29-jul-2020,0,22.900,0,17.8,0,9.5,5.6, 
30-jul-2020,0,7.000,0,21.0,0,13.5,10.2, 
31-jul-2020,0,1.900,0,18.5,0,15.2,12.9, 
01-aug-2020,0,13.500,0,15.2,0,12.7,8.7, 
02-aug-2020,0,2.900,0,16.2,0,11.2,6.4, 
03-aug-2020,0,12.800,0,17.4,0,10.7,7.1, 
04-aug-2020,0,19.000,0,17.5,0,13.5,11.9, 
05-aug-2020,0,0.200,0,17.7,0,14.2,13.0, 
06-aug-2020,0,9.300,0,19.0,0,12.8,10.3, 
07-aug-2020,0,0.100,0,19.0,0,14.2,13.4, 
08-aug-2020,0,0.000,0,22.3,0,10.2,9.0, 
09-aug-2020,0,0.000,0,21.7,0,11.5,10.7, 
10-aug-2020,0,0.000,0,21.9,0,10.1,8.0, 
11-aug-2020,0,0.000,0,22.4,0,14.4,12.0, 
12-aug-2020,0,3.000,0,24.0,0,11.5,9.3, 
13-aug-2020,0,0.100,0,22.2,0,13.8,11.6, 
14-aug-2020,0,1.700,0,24.5,0,16.8,14.5, 
15-aug-2020,0,0.200,0,23.5,0,16.0,13.3, 
16-aug-2020,0,0.000,0,22.7,0,14.1,10.8, 
17-aug-2020,0,41.700,0,18.5,0,16.0,14.0, 
18-aug-2020,0,0.400,0,21.2,0,14.6,13.0, 
19-aug-2020,0,59.000,0,19.0,0,13.2,11.5, 
20-aug-2020,0,13.500,0,17.0,0,13.5,11.8, 
21-aug-2020,0,15.800,0,17.2,0,13.8,12.0, 
22-aug-2020,0,9.000,0,18.0,0,13.8,12.5, 
23-aug-2020,0,1.600,0,17.7,0,13.5,11.8, 
24-aug-2020,0,41.000,0,18.7,0,10.2,6.7, 
25-aug-2020,0,14.600,0,15.7,0,13.2,10.8, 
26-aug-2020,0,4.500,0,17.9,0,13.6,11.7, 
27-aug-2020,0,14.200,0,16.4,0,12.5,11.0, 
28-aug-2020,0,13.400,0,15.1,0,13.5,10.6, 
29-aug-2020,0,0.200,0,15.5,0,10.5,8.2, 
30-aug-2020,0,0.000,0,16.0,0,10.0,7.8, 
31-aug-2020,0,0.600,0,17.3,0,9.6,5.9, 
01-sep-2020,0,66.800,0,19.0,0,13.6,11.5, 
02-sep-2020,0,11.300,0,17.5,0,13.0,11.1, 
03-sep-2020,0,2.000,0,17.0,0,12.9,10.7, 
04-sep-2020,0,7.300,0,16.1,0,11.9,9.4, 
05-sep-2020,0,11.200,0,15.5,0,11.1,9.2, 
06-sep-2020,0,34.300,0,17.7,0,12.3,9.2, 
07-sep-2020,0,12.700,0,16.8,0,13.2,11.6, 
08-sep-2020,0,11.000,0,17.4,0,15.1,13.5, 
09-sep-2020,0,0.200,0,17.0,0,12.0,9.2, 
10-sep-2020,0,9.600,0,15.3,0,10.6,9.2, 
11-sep-2020,0,1.000,0,16.6,0,12.4,10.1, 
12-sep-2020,0,2.000,0,17.4,0,11.9,8.3, 
13-sep-2020,0,0.600,0,17.5,0,11.8,11.2, 
14-sep-2020,0,1.100,0,18.5,0,14.8,12.9, 
15-sep-2020,0,0.900,0,20.2,0,13.9,11.5, 
16-sep-2020,0,0.000,0,23.3,0,15.5,14.5, 
17-sep-2020,0,0.000,0,20.1,0,13.5,11.4, 
18-sep-2020,0,0.000,0,20.6,0,13.2,12.0, 
19-sep-2020,0,0.000,0,16.9,0,11.2,9.0, 
20-sep-2020,0,0.000,0,17.6,0,7.0,5.0, 
21-sep-2020,0,0.000,0,14.9,0,8.7,6.9, 
22-sep-2020,0,20.500,0,14.8,0,12.6,11.6, 
23-sep-2020,0,2.200,0,14.6,0,5.9,5.0, 
24-sep-2020,0,24.400,0,13.7,0,7.2,6.1, 
25-sep-2020,0,0.100,0,13.8,0,7.9,5.9, 
26-sep-2020,0,0.000,0,14.7,0,2.8,1.4, 
27-sep-2020,0,4.200,0,14.9,0,2.4,0.7, 
28-sep-2020,0,1.700,0,15.6,0,9.2,9.4, 
29-sep-2020,0,45.800,0,13.5,0,7.8,6.1, 
30-sep-2020,0,3.100,0,13.7,0,10.8,10.4, 
01-oct-2020,0,8.100,0,12.7,0,4.0,1.4, 
02-oct-2020,0,0.500,0,14.4,0,6.9,6.0, 
03-oct-2020,0,0.500,0,13.6,0,6.5,3.5, 
04-oct-2020,0,15.400,0,12.2,0,6.5,3.0, 
05-oct-2020,0,25.200,0,13.7,0,10.4,8.0, 
06-oct-2020,0,4.200,0,13.5,0,10.9,9.5, 
07-oct-2020,0,11.200,0,13.2,0,6.2,3.5, 
08-oct-2020,0,8.500,0,13.5,0,8.0,6.8, 
09-oct-2020,0,1.000,0,12.5,0,6.9,5.6, 
10-oct-2020,0,2.200,0,13.0,0,6.9,5.2, 
11-oct-2020,0,8.500,0,14.8,0,7.9,7.1, 
12-oct-2020,0,5.100,0,12.9,0,9.1,7.9, 
13-oct-2020,0,0.600,0,13.4,0,9.2,6.5, 
14-oct-2020,0,0.000,0,14.9,0,9.3,5.0, 
15-oct-2020,0,0.000,0,14.0,0,6.5,3.0, 
16-oct-2020,0,0.100,0,13.3,0,7.2,4.2, 
17-oct-2020,0,0.000,0,12.2,0,5.5,1.1, 
18-oct-2020,0,7.300,0,14.7,0,7.6,4.4, 
19-oct-2020,0,52.300,0,14.2,0,9.4,7.2, 
20-oct-2020,0,23.000,0,14.0,0,11.4,9.4, 
21-oct-2020,0,1.500,0,10.9,0,10.2,8.3, 
22-oct-2020,0,17.500,0,11.5,0,4.2,1.9, 
23-oct-2020,0,43.200,0,13.0,0,5.0,2.4, 
24-oct-2020,0,10.100,0,12.9,0,7.6,5.7, 
25-oct-2020,0,18.500,0,12.0,0,7.0,1.6, 
26-oct-2020,0,7.000,0,12.0,0,8.4,6.2, 
27-oct-2020,0,3.300,0,11.0,0,8.5,5.4, 
28-oct-2020,0,48.500,0,14.5,0,7.4,4.8, 
29-oct-2020,0,26.800,0,14.5,0,7.1,3.2, 
30-oct-2020,0,51.300,0,15.8,0,8.1,4.2, 
31-oct-2020,0,15.800,0,12.0,0,7.6,4.5, 
01-nov-2020,0,29.000,0,12.0,0,8.1,5.4, 
02-nov-2020,0,27.500,0,9.2,0,7.0,5.2, 
03-nov-2020,0,2.700,0,10.2,0,5.2,0.1, 
04-nov-2020,0,0.400,0,12.0,0,4.8,1.6, 
05-nov-2020,0,0.000,0,11.6,0,6.0,3.5, 
06-nov-2020,0,0.000,0,12.2,0,4.9,1.8, 
07-nov-2020,0,1.300,0,14.7,0,3.8,1.6, 
08-nov-2020,0,1.100,0,14.8,0,9.1,7.5, 
09-nov-2020,0,6.800,0,15.7,0,12.9,9.5, 
10-nov-2020,0,61.800,0,14.2,0,9.4,7.5, 
11-nov-2020,0,16.500,0,13.3,0,10.0,8.0, 
12-nov-2020,0,21.500,0,12.7,0,7.8,5.5, 
13-nov-2020,0,16.500,0,11.4,0,6.6,2.8, 
14-nov-2020,0,30.200,0,11.8,0,7.2,6.1, 
15-nov-2020,0,11.400,0,12.0,0,6.6,5.5, 
16-nov-2020,0,29.300,0,14.1,0,8.3,6.0, 
17-nov-2020,0,51.800,0,14.0,0,9.2,8.8, 
18-nov-2020,0,7.300,0,10.7,0,7.9,5.6, 
19-nov-2020,0,17.100,0,12.3,0,5.4,3.0, 
20-nov-2020,0,13.700,0,12.6,0,6.9,6.0, 
21-nov-2020,0,1.300,0,11.2,0,9.0,7.2, 
22-nov-2020,0,6.000,0,11.1,0,4.9,2.7, 
23-nov-2020,0,32.500,0,12.4,0,7.1,5.5, 
24-nov-2020,0,7.400,0,7.2,0,5.5,5.8, 
25-nov-2020,0,2.800,0,10.2,0,4.6,4.0, 
26-nov-2020,0,0.200,0,8.7,0,6.9,4.2, 
27-nov-2020,0,0.000,0,9.5,0,7.1,5.0, 
28-nov-2020,0,2.700,0,9.1,0,2.0,0.2, 
29-nov-2020,0,1.800,0,11.7,0,5.5,4.5, 
30-nov-2020,0,9.000,0,11.7,0,6.0,4.3, 
01-dec-2020,0,3.100,0,12.0,0,6.1,5.7, 
02-dec-2020,0,15.800,0,9.1,0,7.2,4.5, 
03-dec-2020,0,7.400,0,5.2,0,2.4,2.4, 
04-dec-2020,0,8.000,0,8.1,0,2.1,1.0, 
05-dec-2020,0,6.900,0,7.7,0,3.6,2.3, 
06-dec-2020,0,0.000,0,7.8,0,2.5,0.7, 
07-dec-2020,0,4.000,0,7.4,1,-0.3,-0.5, 
08-dec-2020,0,1.900,0,8.6,1,-0.5,-3.0, 
09-dec-2020,0,15.200,0,9.5,0,5.5,2.5, 
10-dec-2020,0,21.700,0,11.6,0,7.3,5.5, 
11-dec-2020,0,12.500,0,9.4,0,8.0,5.5, 
12-dec-2020,0,16.500,0,11.2,0,6.7,4.3, 
13-dec-2020,0,31.600,0,11.3,0,6.0,4.3, 
14-dec-2020,0,14.700,0,9.4,0,8.3,6.5, 
15-dec-2020,0,28.200,0,9.9,0,5.9,5.1, 
16-dec-2020,0,5.700,0,9.2,0,5.2,5.0, 
17-dec-2020,0,24.000,0,12.1,0,8.0,5.8, 
18-dec-2020,0,11.000,0,11.1,0,8.9,7.0, 
19-dec-2020,0,9.400,0,9.2,0,6.5,5.9, 
20-dec-2020,0,4.700,0,9.0,0,6.0,4.2, 
21-dec-2020,0,1.700,0,7.2,0,6.1,3.9, 
22-dec-2020,0,1.100,0,7.6,0,2.5,1.4, 
23-dec-2020,0,4.700,0,8.3,0,3.0,1.6, 
24-dec-2020,0,0.600,0,7.7,0,5.9,3.6, 
25-dec-2020,0,2.900,0,9.7,0,2.8,1.0, 
26-dec-2020,0,33.500,0,9.9,0,7.7,4.1, 
27-dec-2020,0,19.100,0,8.6,0,4.4,-1.0, 
28-dec-2020,0,7.600,0,6.9,0,3.2,-0.9, 
29-dec-2020,0,4.800,0,6.5,0,4.1,0.9, 
30-dec-2020,0,7.100,0,5.1,0,1.6,-0.5, 
31-dec-2020,0,5.100,0,6.8,0,1.0,-1.0, 
01-jan-2021,0,1.600,0,7.1,0,3.5,2.1, 
02-jan-2021,0,1.700,0,6.7,0,1.1,-1.3, 
03-jan-2021,0,0.200,0,5.6,0,1.6,-1.7, 
04-jan-2021,0,0.000,0,5.2,0,2.5,-1.4, 
05-jan-2021,0,0.000,0,5.8,0,0.5,-4.5, 
06-jan-2021,0,4.200,0,6.0,1,-2.8,-6.8, 
07-jan-2021,0,3.000,0,6.7,1,-1.4,-4.0, 
08-jan-2021,0,0.700,0,5.1,0,2.5,-1.0, 
09-jan-2021,0,9.100,0,7.4,1,-1.2,-4.2, 
10-jan-2021,0,6.300,0,10.0,0,4.1,2.0, 
11-jan-2021,0,52.900,0,11.7,0,7.0,5.2, 
12-jan-2021,0,46.300,0,11.0,0,9.5,7.5, 
13-jan-2021,0,9.500,0,11.7,0,7.5,6.4, 
14-jan-2021,0,0.900,0,9.4,0,6.7,4.6, 
15-jan-2021,0,27.300,0,11.4,0,1.6,-2.5, 
16-jan-2021,0,4.500,0,9.2,0,8.1,2.1, 
17-jan-2021,0,2.000,0,9.0,0,5.2,2.4, 
18-jan-2021,0,47.200,0,11.2,0,6.1,3.9, 
19-jan-2021,0,8.000,0,11.2,0,6.8,5.5, 
20-jan-2021,0,8.300,0,6.1,1,-0.4,-4.0, 
21-jan-2021,0,9.200,0,7.1,0,0.0,-2.0, 
22-jan-2021,0,4.700,0,5.3,0,0.5,-2.0, 
23-jan-2021,0,9.800,0,4.2,1,-1.2,-4.2, 
24-jan-2021,0,0.300,0,5.2,1,-1.0,-3.5, 
25-jan-2021,0,6.400,0,7.6,1,-2.6,-7.9, 
26-jan-2021,0,4.900,0,11.3,1,-0.5,-3.4, 
27-jan-2021,0,16.000,0,12.4,0,5.7,2.8, 
28-jan-2021,0,17.800,0,11.4,0,7.7,6.9, 
29-jan-2021,0,24.500,0,11.1,0,8.1,6.6, 
30-jan-2021,0,12.900,0,5.5,0,4.2,2.8, 
31-jan-2021,0,3.300,0,7.9,0,3.0,2.0, 
01-feb-2021,0,28.500,0,9.5,0,4.5,3.0, 
02-feb-2021,0,41.500,0,11.2,0,5.5,4.0, 
03-feb-2021,0,4.900,0,8.0,0,6.9,5.1, 
04-feb-2021,0,1.000,0,8.0,0,5.4,2.4, 
05-feb-2021,0,4.000,0,7.1,0,4.5,1.9, 
06-feb-2021,0,0.200,0,6.7,0,4.8,2.6, 
07-feb-2021,0,0.000,0,5.7,0,4.7,1.2, 
08-feb-2021,0,0.000,0,3.6,0,2.2,-1.0, 
09-feb-2021,0,0.400,0,2.8,0,0.2,-1.9, 
10-feb-2021,0,0.000,0,3.4,0,0.0,-2.6, 
11-feb-2021,0,18.000,0,3.2,0,0.6,-2.8, 
12-feb-2021,0,38.800,0,5.6,0,0.2,-1.3, 
13-feb-2021,0,26.000,0,12.1,0,2.0,-1.0, 
14-feb-2021,0,6.600,0,12.7,0,1.4,1.2, 
15-feb-2021,0,10.100,0,11.8,0,8.1,6.7, 
16-feb-2021,0,11.000,0,11.2,0,8.4,5.5, 
17-feb-2021,0,13.200,0,9.1,0,5.8,2.4, 
18-feb-2021,0,44.100,0,11.5,0,3.4,2.0, 
19-feb-2021,0,4.900,0,11.7,0,5.6,3.5, 
20-feb-2021,0,14.900,0,12.0,0,7.7,4.6, 
21-feb-2021,0,1.200,0,10.2,0,6.9,4.8, 
22-feb-2021,0,60.100,0,12.5,0,5.9,2.4, 
23-feb-2021,0,3.200,0,12.0,0,7.9,5.7, 
24-feb-2021,0,3.800,0,11.2,0,9.0,7.5, 
25-feb-2021,0,0.200,0,10.6,0,5.4,1.0, 
26-feb-2021,0,4.300,0,11.2,0,5.3,0.5, 
27-feb-2021,0,1.000,0,12.1,0,7.7,6.7, 
28-feb-2021,0,1.000,0,12.5,0,6.1,2.7, 
01-mar-2021,0,1.000,0,12.4,0,1.5,-2.5, 
02-mar-2021,0,0.200,0,9.7,0,3.2,-1.3, 
03-mar-2021,0,0.000,0,6.9,0,1.0,-2.4, 
04-mar-2021,0,0.000,0,7.2,1,-0.8,-5.0, 
05-mar-2021,0,0.000,0,9.7,0,1.5,-1.6, 
06-mar-2021,0,1.400,0,10.2,0,3.2,-1.8, 
07-mar-2021,0,1.200,0,8.6,0,4.7,0.2, 
08-mar-2021,0,11.400,0,10.0,0,6.5,3.4, 
09-mar-2021,0,59.400,0,10.6,0,7.2,3.3, 
10-mar-2021,0,26.200,0,12.7,0,5.3,3.6, 
11-mar-2021,0,11.500,0,9.3,0,5.2,1.4, 
12-mar-2021,0,17.700,0,8.9,0,4.4,0.0, 
13-mar-2021,0,15.400,0,9.1,0,3.3,-0.8, 
14-mar-2021,0,4.300,0,11.5,0,4.4,0.9, 
15-mar-2021,0,6.600,0,12.0,0,8.6,6.0, 
16-mar-2021,0,0.200,0,14.7,0,7.5,3.8, 
17-mar-2021,0,0.000,0,12.6,0,0.9,-2.3, 
18-mar-2021,0,0.000,0,14.0,0,7.1,4.9, 
19-mar-2021,0,0.000,0,17.5,0,7.0,4.0, 
20-mar-2021,0,0.000,0,13.2,0,1.9,-1.3, 
21-mar-2021,0,0.000,0,11.2,0,5.6,2.2, 
22-mar-2021,0,5.000,0,11.0,0,7.5,4.9, 
23-mar-2021,0,4.600,0,11.1,0,7.8,5.4, 
24-mar-2021,0,12.500,0,11.8,0,6.0,2.5, 
25-mar-2021,0,10.200,0,11.1,0,7.8,3.9, 
26-mar-2021,0,6.400,0,8.8,0,2.9,-1.2, 
27-mar-2021,0,28.000,0,11.2,0,3.1,-1.2, 
28-mar-2021,0,22.200,0,13.5,0,7.8,4.1, 
29-mar-2021,0,2.100,0,12.4,0,11.2,8.5, 
30-mar-2021,0,16.200,0,13.5,0,10.8,7.9, 
31-mar-2021,0,2.700,0,10.9,0,8.1,6.4, 
01-apr-2021,0,0.200,0,15.2,0,7.6,4.1, 
02-apr-2021,0,0.000,0,16.6,0,6.5,2.1, 
03-apr-2021,0,0.000,0,14.8,0,1.5,-2.0, 
04-apr-2021,0,1.000,0,11.7,0,1.1,-2.2, 
05-apr-2021,0,2.500,0,7.0,0,4.6,2.5, 
06-apr-2021,0,1.100,0,10.0,0,2.2,-1.2, 
07-apr-2021,0,11.900,0,10.0,0,4.2,2.2, 
08-apr-2021,0,7.900,0,9.8,0,6.4,4.1, 
09-apr-2021,0,0.300,0,10.7,0,2.5,-2.0, 
10-apr-2021,0,1.800,0,8.2,1,-1.5,-3.9, 
11-apr-2021,0,7.300,0,9.6,0,0.2,-4.0, 
12-apr-2021,0,0.000,0,11.1,0,4.2,1.0, 
13-apr-2021,0,0.000,0,14.1,0,0.5,-3.2, 
14-apr-2021,0,0.000,0,14.8,0,2.8,-1.9, 
15-apr-2021,0,0.000,0,14.9,0,4.4,-0.5, 
16-apr-2021,0,0.100,0,10.3,0,7.1,0.1, 
17-apr-2021,0,4.100,0,11.4,0,8.5,4.8, 
18-apr-2021,0,7.600,0,11.1,0,8.4,4.9, 
19-apr-2021,0,5.700,0,10.7,0,8.5,5.8, 
20-apr-2021,0,0.100,0,12.4,0,8.0,6.1, 
21-apr-2021,0,0.000,0,16.7,0,3.5,-2.0, 
22-apr-2021,0,0.000,0,17.5,0,6.0,3.8, 
23-apr-2021,0,0.000,0,18.4,0,7.8,2.6, 
24-apr-2021,0,0.000,0,19.7,0,8.1,0.8, 
25-apr-2021,0,0.000,0,18.5,0,6.1,-0.5, 
26-apr-2021,0,1.500,0,17.2,0,2.5,-3.4, 
27-apr-2021,0,3.800,0,11.7,0,8.2,5.8, 
28-apr-2021,0,0.000,0,14.5,0,6.7,3.0, 
29-apr-2021,0,0.000,0,12.7,0,4.7,-0.4, 
30-apr-2021,0,0.100,0,12.6,0,3.0,-1.3, 
01-may-2021,0,0.000,0,13.9,0,1.9,-1.8, 
02-may-2021,0,39.300,0,11.7,1,-0.4,-4.9, 
03-may-2021,0,5.300,0,10.7,0,7.0,4.9, 
04-may-2021,0,7.300,0,10.2,0,5.4,1.9, 
05-may-2021,0,0.100,0,11.7,0,3.2,-1.0, 
06-may-2021,0,0.000,0,11.7,0,1.2,-3.9, 
07-may-2021,0,15.000,0,13.5,1,-1.4,-7.0, 
08-may-2021,0,8.400,0,14.0,0,6.2,3.5, 
09-may-2021,0,12.100,0,12.7,0,9.2,7.0, 
10-may-2021,0,11.200,0,12.5,0,9.0,7.5, 
11-may-2021,0,0.100,0,14.2,0,8.2,5.7, 
12-may-2021,0,2.600,0,15.8,0,4.8,0.2, 
13-may-2021,0,1.600,0,14.1,0,7.5,2.7, 
14-may-2021,0,3.000,0,14.7,0,4.0,-0.6, 
15-may-2021,0,1.500,0,13.5,0,7.8,5.0, 
16-may-2021,0,0.700,0,16.3,0,6.7,2.2, 
17-may-2021,0,1.900,0,13.0,0,7.2,4.6, 
18-may-2021,0,2.200,0,13.3,0,6.1,2.1, 
19-may-2021,0,21.600,0,14.7,0,6.4,0.7, 
20-may-2021,0,33.400,0,13.2,0,8.9,6.5, 
21-may-2021,0,4.800,0,10.9,0,8.9,7.0, 
22-may-2021,0,15.100,0,12.3,0,6.0,2.6, 
23-may-2021,0,4.500,0,12.0,0,6.9,4.9, 
24-may-2021,0,5.700,0,12.2,0,6.3,3.3, 
25-may-2021,0,0.200,0,15.3,0,8.4,6.4, 
26-may-2021,0,0.700,0,16.2,0,3.3,0.0, 
27-may-2021,1,10.600,0,14.1,0,5.8,1.8, 
28-may-2021,0,0.000,0,18.0,0,6.1,2.5, 
29-may-2021,0,0.400,0,17.9,0,5.5,1.5, 
30-may-2021,0,0.100,0,21.2,0,6.5,1.2, 
31-may-2021,0,5.500,0,19.8,0,9.3,4.6, 
01-jun-2021,0,1.900,0,14.0,0,9.4,7.4, 
02-jun-2021,0,2.600,0,16.2,0,9.8,7.6, 
03-jun-2021,0,9.600,0,18.0,0,11.4,7.9, 
04-jun-2021,0,2.800,0,14.5,0,10.1,7.9, 
05-jun-2021,0,0.100,0,14.6,0,10.2,8.0, 
06-jun-2021,0,0.000,0,16.4,0,5.0,-0.6, 
07-jun-2021,0,2.100,0,15.1,0,10.3,5.8, 
08-jun-2021,0,13.800,0,17.9,0,12.0,9.5, 
09-jun-2021,0,8.500,0,15.8,0,13.8,11.8, 
10-jun-2021,0,6.500,0,17.0,0,13.7,11.5, 
11-jun-2021,0,0.300,0,15.0,0,11.7,9.5, 
12-jun-2021,0,0.100,0,16.1,0,11.0,8.7, 
13-jun-2021,0,3.800,0,17.0,0,13.0,10.2, 
14-jun-2021,0,5.100,0,15.1,0,11.0,7.9, 
15-jun-2021,0,14.100,0,15.3,0,7.4,2.8, 
16-jun-2021,0,5.600,0,14.9,0,10.8,7.6, 
17-jun-2021,0,0.100,0,15.0,0,9.0,5.5, 
18-jun-2021,0,0.000,0,15.5,0,5.7,1.3, 
19-jun-2021,0,0.000,0,17.1,0,7.2,4.0, 
20-jun-2021,0,0.000,0,19.7,0,10.0,6.5, 
21-jun-2021,0,0.000,0,15.7,0,10.3,6.3, 
22-jun-2021,0,5.900,0,14.8,0,4.5,2.8, 
23-jun-2021,0,2.200,0,18.3,0,10.4,7.6, 
24-jun-2021,0,13.000,0,14.9,0,11.9,7.4, 
25-jun-2021,0,0.300,0,15.2,0,10.5,6.7, 
26-jun-2021,0,0.000,0,17.3,0,9.4,4.7, 
27-jun-2021,0,0.000,0,19.6,0,6.8,0.8, 
28-jun-2021,0,0.000,0,19.0,0,9.5,4.3, 
29-jun-2021,0,0.000,0,19.4,0,11.5,7.5, 
30-jun-2021,0,0.000,0,20.4,0,7.0,1.0, 
01-jul-2021,0,0.000,0,17.5,0,7.1,1.2, 
02-jul-2021,0,3.100,0,18.9,0,11.9,5.2, 
03-jul-2021,0,4.000,0,17.6,0,13.5,10.6, 
04-jul-2021,0,5.300,0,16.1,0,14.4,11.5, 
05-jul-2021,0,10.000,0,17.0,0,12.2,9.0, 
06-jul-2021,0,7.500,0,14.4,0,12.0,9.3, 
07-jul-2021,0,0.300,0,16.6,0,12.6,10.0, 
08-jul-2021,0,0.300,0,16.1,0,11.7,8.9, 
09-jul-2021,0,0.000,0,18.1,0,12.2,9.3, 
10-jul-2021,0,2.200,0,20.0,0,14.7,12.0, 
11-jul-2021,4,0.000,0,19.0,0,13.6,10.9, 
12-jul-2021,0,0.000,0,20.6,0,13.2,8.5, 
13-jul-2021,0,1.400,0,18.9,0,12.0,8.1, 
14-jul-2021,0,0.000,0,19.1,0,12.2,8.5, 
15-jul-2021,0,0.000,0,18.8,0,14.0,10.6, 
16-jul-2021,0,0.000,0,24.6,0,11.6,8.8, 
17-jul-2021,0,0.000,0,27.1,0,11.2,6.5, 
18-jul-2021,0,0.000,0,25.2,0,14.5,9.5, 
19-jul-2021,0,0.000,0,28.0,0,13.2,9.2, 
20-jul-2021,0,0.000,0,28.2,0,14.9,9.0, 
21-jul-2021,0,0.000,0,29.0,0,14.9,8.1, 
22-jul-2021,0,0.000,0,29.6,0,19.5,10.5, 
23-jul-2021,0,0.700,0,29.5,0,16.3,8.6, 
24-jul-2021,0,0.000,0,26.7,0,14.4,7.5, 
25-jul-2021,0,0.000,0,25.5,0,13.6,6.3, 
26-jul-2021,0,9.500,0,18.2,0,14.2,9.0, 
27-jul-2021,0,9.800,0,18.8,0,13.7,9.2, 
28-jul-2021,0,4.000,0,16.1,0,11.8,5.2, 
29-jul-2021,0,6.700,0,17.5,0,12.1,5.5, 
30-jul-2021,0,2.500,0,16.2,0,13.6,9.0, 
31-jul-2021,0,0.500,0,17.7,0,13.2,9.0, 
01-aug-2021,0,3.700,0,18.0,0,12.7,7.3, 
02-aug-2021,0,7.900,0,18.4,0,11.3,5.4, 
03-aug-2021,0,6.800,0,20.0,0,11.2,6.3, 
04-aug-2021,0,18.000,0,18.1,0,13.6,11.7, 
05-aug-2021,0,21.000,0,20.2,0,13.7,11.2, 
06-aug-2021,0,34.300,0,17.1,0,14.2,11.0, 
07-aug-2021,0,10.000,0,15.4,0,13.7,10.2, 
08-aug-2021,0,30.500,0,17.0,0,13.6,10.5, 
09-aug-2021,0,1.800,0,19.4,0,13.1,10.6, 
10-aug-2021,0,12.200,0,18.0,0,9.4,4.5, 
11-aug-2021,0,17.500,0,18.1,0,13.9,11.0, 
12-aug-2021,0,4.300,0,18.0,0,12.1,10.5, 
13-aug-2021,0,1.700,0,18.0,0,12.1,10.9, 
14-aug-2021,0,4.400,0,15.9,0,11.7,7.7, 
15-aug-2021,0,0.000,0,17.5,0,13.5,11.0, 
16-aug-2021,0,0.300,0,16.0,0,13.2,10.9, 
17-aug-2021,0,0.700,0,15.9,0,12.9,10.7, 
18-aug-2021,0,5.700,0,16.2,0,12.3,10.2, 
19-aug-2021,0,18.300,0,20.2,0,11.2,9.8, 
20-aug-2021,0,9.100,0,18.8,0,14.6,13.9, 
21-aug-2021,0,0.700,0,18.7,0,15.0,12.5, 
22-aug-2021,0,0.000,0,19.4,0,14.0,10.8, 
23-aug-2021,0,0.000,0,23.0,0,15.5,12.7, 
24-aug-2021,0,0.000,0,24.5,0,13.0,8.2, 
25-aug-2021,0,0.000,0,24.0,0,13.5,8.9, 
26-aug-2021,0,0.000,0,26.1,0,12.9,8.6, 
27-aug-2021,0,0.000,0,23.6,0,12.1,7.8, 
28-aug-2021,0,0.000,0,23.3,0,11.0,6.0, 
29-aug-2021,0,0.000,0,19.3,0,13.5,10.0, 
30-aug-2021,0,0.000,0,18.9,0,14.6,12.4, 
31-aug-2021,0,0.000,0,18.4,0,13.5,10.1, 
01-sep-2021,0,0.000,0,17.6,0,13.0,8.0, 
02-sep-2021,0,0.000,0,16.8,0,11.9,8.4, 
03-sep-2021,0,0.000,0,17.1,0,12.6,10.6, 
04-sep-2021,0,0.000,0,20.0,0,13.6,11.4, 
05-sep-2021,0,12.500,0,19.1,0,15.6,11.8, 
06-sep-2021,0,0.900,0,18.6,0,14.6,13.1, 
07-sep-2021,0,1.300,0,26.6,0,15.5,11.1, 
08-sep-2021,0,53.000,0,20.9,0,17.1,13.8, 
09-sep-2021,0,1.400,0,22.4,0,16.7,14.5, 
10-sep-2021,0,2.800,0,16.3,0,15.2,13.4, 
11-sep-2021,0,0.100,0,16.7,0,13.0,11.0, 
12-sep-2021,0,0.000,0,16.8,0,8.0,3.6, 
13-sep-2021,0,6.200,0,17.7,0,8.9,4.3, 
14-sep-2021,0,2.300,0,18.1,0,14.8,12.7, 
15-sep-2021,0,7.100,0,17.5,0,13.0,9.9, 
16-sep-2021,0,26.000,0,17.1,0,13.4,9.6, 
17-sep-2021,0,0.200,0,18.9,0,14.3,11.8, 
18-sep-2021,0,10.200,0,15.3,0,9.1,3.4, 
19-sep-2021,0,9.200,0,17.5,0,10.9,7.0, 
20-sep-2021,0,0.300,0,18.4,0,12.9,10.8, 
21-sep-2021,0,0.000,0,17.8,0,13.7,10.5, 
22-sep-2021,0,7.600,0,17.5,0,15.4,10.2, 
23-sep-2021,0,8.800,0,17.2,0,12.5,8.9, 
24-sep-2021,0,11.900,0,16.8,0,14.0,10.3, 
25-sep-2021,0,8.700,0,18.6,0,14.9,12.5, 
26-sep-2021,0,9.300,0,15.2,0,13.1,11.0, 
27-sep-2021,0,8.300,0,14.7,0,9.1,3.4, 
28-sep-2021,0,2.000,0,14.1,0,8.2,2.6, 
29-sep-2021,0,34.900,0,15.8,0,8.6,3.3, 
30-sep-2021,0,22.200,0,14.5,0,11.0,6.0, 
01-oct-2021,0,18.800,0,13.8,0,9.6,4.5, 
02-oct-2021,0,20.000,0,13.5,0,8.2,3.9, 
03-oct-2021,0,9.900,0,14.1,0,8.9,4.5, 
04-oct-2021,0,11.000,0,14.8,0,8.5,3.6, 
05-oct-2021,0,2.700,0,14.9,0,8.5,3.5, 
06-oct-2021,0,76.500,0,16.6,0,8.7,3.2, 
07-oct-2021,0,26.600,0,16.6,0,11.8,8.3, 
08-oct-2021,0,38.400,0,16.7,0,15.4,12.6, 
09-oct-2021,0,0.200,0,17.0,0,13.0,9.2, 
10-oct-2021,0,0.000,0,16.2,0,6.5,1.1, 
11-oct-2021,0,0.100,0,15.6,0,6.0,0.2, 
12-oct-2021,0,0.000,0,14.6,0,8.0,4.6, 
13-oct-2021,0,0.000,0,15.0,0,9.6,5.5, 
14-oct-2021,0,2.900,0,15.2,0,11.5,8.0, 
15-oct-2021,0,0.000,0,14.0,0,10.4,6.5, 
16-oct-2021,0,7.800,0,15.2,0,10.9,7.1, 
17-oct-2021,0,11.500,0,16.2,0,12.0,9.4, 
18-oct-2021,0,25.500,0,16.6,0,12.6,8.5, 
19-oct-2021,0,2.300,0,16.5,0,14.8,11.8, 
20-oct-2021,0,8.600,0,14.0,0,7.3,2.4, 
21-oct-2021,0,3.800,0,11.5,0,6.4,1.0, 
22-oct-2021,0,10.700,0,13.1,0,9.2,3.8, 
23-oct-2021,0,47.500,0,14.2,0,9.9,3.4, 
24-oct-2021,0,6.800,0,14.6,0,11.4,4.8, 
25-oct-2021,0,10.500,0,16.0,0,8.5,1.1, 
26-oct-2021,0,16.500,0,16.6,0,9.9,5.5, 
27-oct-2021,0,2.100,0,15.2,0,13.6,9.9, 
28-oct-2021,0,2.800,0,14.4,0,10.1,3.4, 
29-oct-2021,0,9.400,0,13.4,0,6.0,-0.3, 
30-oct-2021,0,20.400,0,12.4,0,5.0,-1.4, 
31-oct-2021,0,23.500,0,10.9,0,6.1,0.1, 
01-nov-2021,0,12.600,0,11.6,0,6.8,1.2, 
02-nov-2021,0,3.900,0,11.0,0,6.0,0.5, 
03-nov-2021,0,2.500,0,11.5,0,7.2,2.7, 
04-nov-2021,0,1.800,0,11.3,0,6.6,1.5, 
05-nov-2021,0,5.500,0,13.6,0,8.5,4.2, 
06-nov-2021,0,2.100,0,13.9,0,10.2,6.1, 
07-nov-2021,0,24.500,0,14.4,0,9.6,2.0, 
08-nov-2021,0,17.000,0,14.8,0,9.9,5.5, 
09-nov-2021,0,0.900,0,13.6,0,9.0,2.6, 
10-nov-2021,0,0.200,0,12.5,0,5.0,-1.5, 
11-nov-2021,0,44.000,0,15.1,0,7.5,2.4, 
12-nov-2021,0,1.400,0,13.8,0,10.1,6.5, 
13-nov-2021,0,7.800,0,14.6,0,10.4,6.0, 
14-nov-2021,0,9.100,0,15.1,0,13.0,7.1, 
15-nov-2021,0,0.800,0,12.6,0,7.6,1.8, 
16-nov-2021,0,5.500,0,13.2,0,9.8,6.0, 
17-nov-2021,0,10.500,0,14.1,0,10.2,4.2, 
18-nov-2021,0,0.300,0,14.4,0,10.1,5.7, 
19-nov-2021,0,9.100,0,12.4,0,12.2,8.4, 
20-nov-2021,0,1.200,0,11.1,0,10.5,4.9, 
21-nov-2021,0,0.000,0,10.5,0,7.1,0.2, 
22-nov-2021,0,0.000,0,10.1,0,0.5,-5.7, 
23-nov-2021,0,9.700,0,10.7,0,0.3,-5.6, 
24-nov-2021,0,5.900,0,8.4,0,5.5,2.6, 
25-nov-2021,0,11.300,0,11.0,0,5.5,1.5, 
26-nov-2021,0,4.200,0,9.1,0,6.5,3.5, 
27-nov-2021,0,5.800,0,10.0,0,3.6,1.0, 
28-nov-2021,0,5.700,0,10.7,0,3.6,-0.6, 
29-nov-2021,0,2.400,0,11.6,0,7.8,5.5, 
30-nov-2021,0,39.500,0,12.4,0,9.5,7.5, 
01-dec-2021,0,3.000,0,8.7,0,6.9,3.0, 
02-dec-2021,0,17.000,0,12.4,0,5.2,2.1, 
03-dec-2021,0,9.900,0,10.0,0,7.2,4.8, 
04-dec-2021,0,3.100,0,7.9,0,4.5,1.1, 
05-dec-2021,0,4.500,0,10.5,0,3.6,-1.1, 
06-dec-2021,0,32.000,0,8.5,0,5.6,2.0, 
07-dec-2021,0,11.500,0,8.0,0,2.5,-0.6, 
08-dec-2021,0,6.000,0,8.4,0,5.5,1.8, 
09-dec-2021,0,8.300,0,11.6,0,5.7,1.5, 
10-dec-2021,0,8.200,0,13.7,0,3.5,0.0, 
11-dec-2021,0,3.600,0,13.6,0,5.6,1.6, 
12-dec-2021,0,11.800,0,13.0,0,9.4,5.9, 
13-dec-2021,0,0.200,0,10.0,0,5.4,1.1, 
14-dec-2021,0,6.800,0,11.1,0,3.5,-1.6, 
15-dec-2021,0,7.600,0,11.9,0,9.6,7.6, 
16-dec-2021,0,0.100,0,11.8,0,9.6,8.5, 
17-dec-2021,0,0.000,0,9.6,0,7.3,5.7, 
18-dec-2021,0,0.000,0,7.0,0,3.0,-2.0, 
19-dec-2021,0,0.000,0,7.8,0,4.1,0.0, 
20-dec-2021,0,0.000,0,8.0,0,2.4,-1.5, 
21-dec-2021,0,8.500,0,11.1,0,4.1,0.5, 
22-dec-2021,0,9.200,0,13.5,0,7.6,4.6, 
23-dec-2021,0,4.100,0,12.0,0,7.7,7.0, 
24-dec-2021,0,28.000,0,12.5,0,9.1,4.2, 
25-dec-2021,0,16.700,0,10.9,0,8.8,4.6, 
26-dec-2021,0,3.000,0,10.6,0,9.2,6.6, 
27-dec-2021,0,0.600,0,9.0,0,4.8,-0.5, 
28-dec-2021,0,9.300,0,13.5,0,3.9,-0.6, 
29-dec-2021,0,5.500,0,13.6,0,5.7,3.2, 
30-dec-2021,0,30.400,0,13.5,0,11.7,9.9, 
31-dec-2021,0,6.400,0,15.1,0,11.2,10.0, 
01-jan-2022,0,3.000,0,13.2,0,11.1,10.0, 
02-jan-2022,0,7.200,0,11.6,0,11.3,5.6, 
03-jan-2022,0,23.400,0,11.5,0,8.7,6.3, 
04-jan-2022,0,2.500,0,6.5,0,3.5,-3.0, 
05-jan-2022,0,17.500,0,10.1,1,-0.5,-4.1, 
06-jan-2022,0,17.000,0,9.2,0,2.0,-2.3, 
07-jan-2022,0,15.500,0,11.8,0,2.8,-1.0, 
08-jan-2022,0,14.400,0,9.9,0,4.7,-1.6, 
09-jan-2022,0,3.500,0,12.1,0,4.5,0.9, 
10-jan-2022,0,3.600,0,12.3,0,6.6,4.0, 
11-jan-2022,0,0.100,0,10.7,0,3.2,-1.6, 
12-jan-2022,0,0.000,0,10.8,0,7.6,3.5, 
13-jan-2022,0,0.100,0,10.6,0,8.5,5.5, 
14-jan-2022,0,0.000,0,8.5,0,6.5,4.8, 
15-jan-2022,0,1.700,0,9.8,0,6.2,4.3, 
16-jan-2022,0,0.100,0,9.0,0,5.6,1.0, 
17-jan-2022,0,4.300,0,10.0,1,-1.0,-5.5, 
18-jan-2022,0,16.500,0,11.7,0,2.4,-2.7, 
19-jan-2022,0,0.300,0,9.0,0,7.6,4.1, 
20-jan-2022,0,0.100,0,9.2,0,5.5,1.0, 
21-jan-2022,0,0.000,0,10.1,0,4.6,0.9, 
22-jan-2022,0,1.800,0,10.1,0,7.3,4.1, 
23-jan-2022,0,1.000,0,9.8,0,7.4,3.9, 
24-jan-2022,0,0.000,0,10.5,0,7.3,5.0, 
25-jan-2022,0,0.200,0,9.6,0,3.0,-2.0, 
26-jan-2022,0,13.800,0,12.0,0,3.1,0.0, 
27-jan-2022,0,0.700,0,11.7,0,9.0,5.5, 
28-jan-2022,0,3.300,0,12.2,0,3.4,-0.5, 
29-jan-2022,0,3.600,0,10.5,0,10.0,5.5, 
30-jan-2022,0,6.900,0,10.6,0,3.9,-0.9, 
31-jan-2022,0,0.200,0,11.6,0,7.5,3.4, 
01-feb-2022,0,1.200,0,12.0,0,8.9,6.0, 
02-feb-2022,0,1.300,0,12.0,0,10.2,7.2, 
03-feb-2022,0,13.400,0,12.5,0,8.8,7.0, 
04-feb-2022,0,8.900,0,9.8,0,3.9,0.9, 
05-feb-2022,0,14.700,0,10.1,0,3.6,1.5, 
06-feb-2022,0,4.600,0,11.5,0,7.0,4.5, 
07-feb-2022,0,4.500,0,12.6,0,7.1,4.5, 
08-feb-2022,0,3.600,0,8.5,0,7.5,6.5, 
09-feb-2022,0,3.100,0,7.6,0,4.5,1.4, 
10-feb-2022,0,2.600,0,8.3,0,3.7,0.2, 
11-feb-2022,0,36.100,0,10.6,0,1.6,-2.6, 
12-feb-2022,0,16.800,0,11.2,0,6.1,4.8, 
13-feb-2022,0,7.900,0,7.8,0,6.4,5.3, 
14-feb-2022,0,11.700,0,10.5,0,5.4,2.5, 
15-feb-2022,0,14.400,0,13.5,0,6.1,3.6, 
16-feb-2022,0,8.200,0,13.1,0,6.7,5.7, 
17-feb-2022,0,31.700,0,7.3,0,3.9,2.6, 
18-feb-2022,0,17.400,0,8.4,0,1.7,-0.2, 
19-feb-2022,0,21.500,0,11.9,0,2.2,-0.1, 
20-feb-2022,0,8.700,0,11.5,0,4.5,2.0, 
21-feb-2022,0,12.200,0,13.2,0,2.5,0.8, 
22-feb-2022,0,6.200,0,10.4,0,7.2,5.0, 
23-feb-2022,0,16.400,0,10.5,0,4.0,3.9, 
24-feb-2022,0,5.900,0,9.0,0,1.0,-0.5, 
25-feb-2022,0,5.200,0,10.4,0,3.6,0.6, 
26-feb-2022,0,15.500,0,11.0,0,8.1,6.2, 
27-feb-2022,0,14.400,0,10.6,0,5.5,4.9, 
28-feb-2022,0,1.300,0,9.8,0,7.0,3.6, 
01-mar-2022,0,0.000,0,10.6,1,-0.8,-5.0, 
02-mar-2022,0,6.300,0,10.5,0,0.4,-2.9, 
03-mar-2022,0,8.900,0,8.5,0,2.3,-2.1, 
04-mar-2022,0,0.000,0,9.5,0,0.6,-2.9, 
05-mar-2022,0,0.000,0,10.7,1,-2.0,-7.0, 
06-mar-2022,0,0.000,0,10.7,1,-0.7,-5.8, 
07-mar-2022,0,0.000,0,10.2,0,2.9,-1.2, 
08-mar-2022,0,39.000,0,9.8,0,4.6,2.0, 
09-mar-2022,0,0.000,0,10.3,0,5.0,3.6, 
10-mar-2022,0,16.600,0,9.8,1,-1.0,-6.0, 
11-mar-2022,0,7.400,0,10.7,0,7.2,5.5, 
12-mar-2022,0,28.800,0,8.8,0,2.0,-1.6, 
13-mar-2022,0,28.500,0,9.2,0,3.5,1.9, 
14-mar-2022,0,3.500,0,11.4,0,6.7,4.9, 
15-mar-2022,0,18.800,0,8.3,0,7.1,4.4, 
16-mar-2022,0,5.900,0,11.3,1,-0.1,-3.9, 
17-mar-2022,0,4.400,0,11.4,0,4.4,0.2, 
18-mar-2022,0,0.000,0,15.7,0,1.2,-3.1, 
19-mar-2022,0,0.000,0,15.4,0,8.4,4.0, 
20-mar-2022,0,0.000,0,11.9,0,9.0,5.0, 
21-mar-2022,0,0.000,0,16.9,0,7.5,5.2, 
22-mar-2022,0,0.000,0,17.7,0,10.5,8.0, 
23-mar-2022,0,0.000,0,16.9,0,9.5,5.7, 
24-mar-2022,0,0.000,0,14.2,0,9.6,6.0, 
25-mar-2022,0,0.000,0,17.5,0,4.4,0.0, 
26-mar-2022,0,0.000,0,17.6,0,4.1,-1.9, 
27-mar-2022,0,0.000,0,18.0,0,3.9,-1.5, 
28-mar-2022,0,0.000,0,17.5,0,2.5,-2.8, 
29-mar-2022,0,0.000,0,17.6,0,1.9,-3.0, 
30-mar-2022,0,0.000,0,13.1,0,1.0,-3.1, 
31-mar-2022,0,0.000,0,10.0,0,0.7,-4.9, 
01-apr-2022,0,0.700,0,11.1,0,2.7,-1.0, 
02-apr-2022,0,1.800,0,11.2,0,4.0,-1.1, 
03-apr-2022,0,18.400,0,11.5,1,-1.4,-7.2, 
04-apr-2022,0,5.000,0,11.7,0,5.0,1.1, 
05-apr-2022,0,11.200,0,12.2,0,9.0,6.9, 
06-apr-2022,0,8.100,0,10.9,0,6.7,3.4, 
07-apr-2022,0,3.700,0,9.6,0,5.5,2.5, 
08-apr-2022,0,0.400,0,9.8,0,1.0,-2.8, 
09-apr-2022,0,0.000,0,11.7,1,-0.5,-4.6, 
10-apr-2022,0,2.100,0,12.1,0,3.8,0.5, 
11-apr-2022,0,7.000,0,12.7,0,7.7,5.0, 
12-apr-2022,0,7.900,0,14.9,0,9.2,6.2, 
13-apr-2022,0,2.100,0,16.0,0,8.6,4.2, 
14-apr-2022,0,3.500,0,13.7,0,10.5,7.4, 
15-apr-2022,0,0.500,0,15.2,0,11.0,9.0, 
16-apr-2022,0,10.900,0,13.1,0,8.0,2.5, 
17-apr-2022,0,9.700,0,12.6,0,10.0,8.0, 
18-apr-2022,0,8.300,0,11.1,0,5.1,0.4, 
19-apr-2022,0,1.400,0,13.5,0,3.8,-0.5, 
20-apr-2022,0,0.100,0,12.2,0,1.8,-2.8, 
21-apr-2022,0,0.000,0,17.3,0,9.5,4.5, 
22-apr-2022,0,0.000,0,15.8,0,9.3,5.2, 
23-apr-2022,0,0.000,0,18.2,0,7.0,4.1, 
24-apr-2022,0,0.000,0,17.0,0,7.3,3.9, 
25-apr-2022,0,0.000,0,16.7,0,5.5,-0.2, 
26-apr-2022,0,0.000,0,14.6,0,5.8,0.4, 
27-apr-2022,0,0.000,0,17.9,0,8.6,3.2, 
28-apr-2022,0,0.000,0,16.5,0,7.7,3.0, 
29-apr-2022,0,1.700,0,16.0,0,4.7,-1.2, 
30-apr-2022,0,4.800,0,12.9,0,9.3,7.0, 
01-may-2022,0,0.900,0,12.5,0,10.7,8.5, 
02-may-2022,0,0.000,0,16.2,0,9.6,7.4, 
03-may-2022,0,2.500,0,15.3,0,7.1,3.0, 
04-may-2022,0,1.500,0,14.8,0,9.5,6.9, 
05-may-2022,0,37.000,0,15.2,0,11.0,8.4, 
06-may-2022,0,1.500,0,16.1,0,12.6,10.1, 
07-may-2022,0,0.100,0,18.7,0,6.4,0.3, 
08-may-2022,0,38.300,0,16.6,0,12.0,9.5, 
09-may-2022,0,24.800,0,15.3,0,11.5,9.1, 
10-may-2022,0,12.600,0,13.7,0,9.5,6.7, 
11-may-2022,0,0.600,0,13.0,0,9.5,6.8, 
12-may-2022,0,2.600,0,13.2,0,8.4,3.9, 
13-may-2022,0,0.000,0,15.6,0,10.1,8.0, 
14-may-2022,0,0.000,0,17.2,0,11.5,8.1, 
15-may-2022,0,4.100,0,20.1,0,6.8,3.0, 
16-may-2022,0,0.000,0,19.0,0,13.8,10.1, 
17-may-2022,0,11.100,0,16.2,0,13.5,10.1, 
18-may-2022,0,12.800,0,17.0,0,9.6,6.5, 
19-may-2022,0,19.100,0,14.6,0,10.1,6.0, 
20-may-2022,0,1.100,0,14.2,0,11.5,8.9, 
21-may-2022,0,4.600,0,16.0,0,10.9,7.1, 
22-may-2022,0,7.800,0,14.6,0,11.5,8.9, 
23-may-2022,0,6.300,0,14.7,0,9.8,7.2, 
24-may-2022,0,7.200,0,14.6,0,8.0,4.6, 
25-may-2022,0,9.900,0,14.2,0,10.1,8.1, 
26-may-2022,0,0.000,0,14.0,0,11.0,8.2, 
27-may-2022,0,0.000,0,15.4,0,10.6,6.6, 
28-may-2022,0,0.000,0,20.0,0,5.3,3.0, 
29-may-2022,0,0.000,0,17.4,0,9.7,8.0, 
30-may-2022,0,1.300,0,13.7,0,9.6,7.1, 
31-may-2022,0,0.000,0,13.6,0,8.0,4.4, 
01-jun-2022,0,1.300,0,18.2,0,9.2,5.9, 
02-jun-2022,0,0.200,0,15.4,0,11.2,9.8, 
03-jun-2022,0,0.000,0,17.0,0,8.0,3.4, 
04-jun-2022,0,0.000,0,19.5,0,11.9,8.6, 
05-jun-2022,0,0.000,0,19.0,0,13.0,10.7, 
06-jun-2022,0,0.000,0,16.7,0,11.0,9.6, 
07-jun-2022,0,15.200,0,19.3,0,12.2,9.7, 
08-jun-2022,0,5.600,0,15.3,0,12.3,10.9, 
09-jun-2022,0,8.200,0,17.0,0,11.7,8.4, 
10-jun-2022,0,0.600,0,15.5,0,11.5,9.3, 
11-jun-2022,0,2.800,0,14.5,0,12.3,10.0, 
12-jun-2022,0,1.500,0,15.2,0,12.2,8.5, 
13-jun-2022,0,0.000,0,14.5,0,10.5,5.5, 
14-jun-2022,0,0.000,0,16.5,0,12.4,8.9, 
15-jun-2022,0,12.700,0,15.0,0,12.2,8.3, 
16-jun-2022,0,18.900,0,19.5,0,13.4,11.8, 
17-jun-2022,0,0.300,0,17.0,0,13.8,11.9, 
18-jun-2022,0,0.300,0,15.1,0,11.1,7.9, 
19-jun-2022,0,1.100,0,17.8,0,10.3,7.8, 
20-jun-2022,0,0.000,0,18.9,0,9.2,5.1, 
21-jun-2022,0,0.000,0,17.7,0,12.6,11.0, 
22-jun-2022,0,0.000,0,17.6,0,13.1,11.9, 
23-jun-2022,0,12.900,0,18.2,0,12.2,11.1, 
24-jun-2022,0,61.000,0,15.6,0,13.9,11.9, 
25-jun-2022,0,28.100,0,14.6,0,10.0,7.5, 
26-jun-2022,0,9.200,0,15.1,0,11.0,9.9, 
27-jun-2022,0,44.000,0,14.3,0,9.9,6.4, 
28-jun-2022,0,11.100,0,15.5,0,10.6,7.1, 
29-jun-2022,0,4.900,0,14.8,0,10.0,6.6, 
30-jun-2022,0,0.000,0,15.6,0,8.7,3.6, 
01-jul-2022,0,9.700,0,17.0,0,11.5,6.9, 
02-jul-2022,0,0.000,0,17.2,0,11.3,8.2, 
03-jul-2022,0,2.000,0,15.9,0,11.9,6.6, 
04-jul-2022,0,3.000,0,15.4,0,11.6,7.0, 
05-jul-2022,0,2.200,0,16.4,0,12.5,10.4, 
06-jul-2022,0,2.200,0,16.0,0,13.7,12.5, 
07-jul-2022,0,0.200,0,20.7,0,13.5,12.0, 
08-jul-2022,0,0.000,0,19.0,0,12.3,9.4, 
09-jul-2022,0,0.000,0,21.6,0,12.9,11.9, 
10-jul-2022,0,0.000,0,23.4,0,13.1,8.2, 
11-jul-2022,0,1.300,0,23.1,0,12.5,7.6, 
12-jul-2022,0,0.400,0,19.5,0,14.5,13.3, 
13-jul-2022,0,0.200,0,17.5,0,12.5,7.6, 
14-jul-2022,0,3.100,0,17.6,0,13.2,9.7, 
15-jul-2022,0,0.000,0,19.3,0,13.8,11.4, 
16-jul-2022,0,0.000,0,22.0,0,10.1,5.6, 
17-jul-2022,0,0.000,0,24.4,0,15.1,11.1, 
18-jul-2022,0,0.000,0,23.7,0,14.5,9.6, 
19-jul-2022,0,0.000,0,18.8,0,15.1,12.9, 
20-jul-2022,0,0.000,0,17.1,0,13.0,10.9, 
21-jul-2022,0,0.000,0,17.3,0,12.8,11.7, 
22-jul-2022,0,9.200,0,21.1,0,9.0,5.6, 
23-jul-2022,0,13.100,0,20.7,0,15.6,13.5, 
24-jul-2022,0,14.900,0,17.5,0,16.0,13.3, 
25-jul-2022,0,0.300,0,17.0,0,12.8,10.6, 
26-jul-2022,0,0.200,0,16.4,0,9.9,6.5, 
27-jul-2022,0,0.000,0,18.2,0,10.0,6.2, 
28-jul-2022,0,0.000,0,20.8,0,11.0,7.1, 
29-jul-2022,0,29.000,0,17.7,0,12.9,9.0, 
30-jul-2022,0,4.600,0,18.3,0,15.2,13.3, 
31-jul-2022,0,0.200,0,19.6,0,12.7,10.0, 
01-aug-2022,0,40.500,0,18.4,0,10.7,7.4, 
02-aug-2022,0,3.900,0,17.6,0,15.2,13.3, 
03-aug-2022,0,1.500,0,16.7,0,13.5,11.1, 
04-aug-2022,0,4.000,0,17.0,0,11.7,8.4, 
05-aug-2022,0,2.200,0,18.2,0,11.8,8.2, 
06-aug-2022,0,0.000,0,18.2,0,11.4,7.9, 
07-aug-2022,0,0.000,0,19.2,0,14.1,10.1, 
08-aug-2022,0,0.000,0,20.6,0,10.0,6.7, 
09-aug-2022,0,0.000,0,22.5,0,11.7,8.6, 
10-aug-2022,0,0.000,0,24.2,0,9.1,5.6, 
11-aug-2022,0,0.000,0,24.6,0,7.8,5.0, 
12-aug-2022,0,0.000,0,29.0,0,10.5,6.7, 
13-aug-2022,0,0.000,0,29.1,0,12.6,7.3, 
14-aug-2022,0,2.500,0,25.2,0,16.7,12.5, 
15-aug-2022,0,0.500,0,17.9,0,15.1,10.2, 
16-aug-2022,0,0.000,0,16.7,0,13.7,7.7, 
17-aug-2022,0,3.500,0,17.2,0,10.4,4.4, 
18-aug-2022,0,4.400,0,18.5,0,12.9,9.9, 
19-aug-2022,0,26.700,0,17.4,0,12.5,8.5, 
20-aug-2022,0,5.800,0,16.9,0,13.1,10.2, 
21-aug-2022,0,5.100,0,18.9,0,12.3,6.9, 
22-aug-2022,0,7.200,0,18.3,0,13.5,9.0, 
23-aug-2022,0,0.900,0,18.2,0,13.0,9.0, 
24-aug-2022,0,0.500,0,18.1,0,13.3,9.5, 
25-aug-2022,0,4.400,0,16.9,0,11.9,7.5, 
26-aug-2022,0,0.200,0,17.9,0,10.8,7.3, 
27-aug-2022,0,0.000,0,19.9,0,12.6,10.7, 
28-aug-2022,0,0.000,0,20.4,0,12.3,9.8, 
29-aug-2022,0,0.000,0,23.4,0,13.4,9.4, 
30-aug-2022,0,0.000,0,23.0,0,14.4,11.5, 
31-aug-2022,0,0.000,0,22.0,0,11.1,6.2, 
01-sep-2022,0,0.000,0,22.3,0,7.8,3.1, 
02-sep-2022,0,16.200,0,18.6,0,9.0,4.0, 
03-sep-2022,0,12.600,0,16.7,0,5.5,0.1, 
04-sep-2022,0,6.800,0,19.8,0,8.5,3.9, 
05-sep-2022,0,16.800,0,19.1,0,12.6,7.5, 
06-sep-2022,0,4.800,4, ,4, , , 
07-sep-2022,0,1.800,4, ,4, , , 
08-sep-2022,0,0.000,4, ,4, , , 
09-sep-2022,0,0.000,4, ,4, , , 
10-sep-2022,0,2.000,4, ,4, , , 
11-sep-2022,0,1.600,4, ,4, , , 
12-sep-2022,0,0.000,4, ,4, , , 
13-sep-2022,0,0.000,4, ,4, , , 
14-sep-2022,0,0.000,4, ,4, , , 
15-sep-2022,0,0.000,4, ,4, , , 
16-sep-2022,0,0.000,4, ,4, , , 
17-sep-2022,0,0.000,4, ,4, , , 
18-sep-2022,0,0.000,4, ,4, , , 
19-sep-2022,0,0.000,4, ,4, , , 
20-sep-2022,0,0.400,4, ,4, , , 
21-sep-2022,0,32.600,4, ,4, , , 
22-sep-2022,0,4.000,4, ,4, , , 
23-sep-2022,0,1.200,4, ,4, , , 
24-sep-2022,0,0.000,4, ,4, , , 
25-sep-2022,0,6.000,4, ,4, , , 
26-sep-2022,0,10.000,4, ,4, , , 
27-sep-2022,0,16.200,4, ,4, , , 
28-sep-2022,0,1.800,4, ,4, , , 
29-sep-2022,0,35.100,4, ,4, , , 
30-sep-2022,0,8.600,4, ,4, , , 
01-oct-2022,0,3.900, , , , , , 
02-oct-2022,0,1.500, , , , , , 
03-oct-2022,0,60.400, , , , , , 
04-oct-2022,0,32.100, , , , , , 
05-oct-2022,0,4.600, , , , , , 
06-oct-2022,0,6.300, , , , , , 
07-oct-2022,0,7.300, , , , , , 
08-oct-2022,0,5.800, , , , , , 
09-oct-2022,0,13.800, , , , , , 
10-oct-2022,0,0.300, , , , , , 
11-oct-2022,0,23.600, , , , , , 
12-oct-2022,0,0.600, , , , , , 
13-oct-2022,0,7.900, , , , , , 
14-oct-2022,0,15.500, , , , , , 
15-oct-2022,0,8.400, , , , , , 
16-oct-2022,0,29.400, , , , , , 
17-oct-2022,0,1.000, , , , , , 
18-oct-2022,0,14.800, , , , , , 
19-oct-2022,0,10.900, , , , , , 
20-oct-2022,0,6.300, , , , , , 
21-oct-2022,0,22.000, , , , , , 
22-oct-2022,0,3.800, , , , , , 
23-oct-2022,0,7.600, , , , , , 
24-oct-2022,0,17.500, , , , , , 
25-oct-2022,0,36.500, , , , , , 
26-oct-2022,0,4.800, , , , , , 
27-oct-2022,0,7.200, , , , , , 
28-oct-2022,0,21.500, , , , , , 
29-oct-2022,0,29.500, , , , , , 
30-oct-2022,0,26.500, , , , , , 
31-oct-2022,0,5.000, , , , , , 
01-nov-2022,0,43.100, , , , , , 
02-nov-2022,0,22.400, , , , , , 
03-nov-2022,0,11.600, , , , , , 
04-nov-2022,0,9.100, , , , , , 
05-nov-2022,0,9.200, , , , , , 
06-nov-2022,0,15.300, , , , , , 
07-nov-2022,0,21.500, , , , , , 
08-nov-2022,0,13.500, , , , , , 
09-nov-2022,0,4.500, , , , , , 
10-nov-2022,0,34.200, , , , , , 
11-nov-2022,0,16.600, , , , , , 
12-nov-2022,0,2.200, , , , , , 
13-nov-2022,0,12.900, , , , , , 
14-nov-2022,0,14.400, , , , , , 
15-nov-2022,0,5.600, , , , , , 
16-nov-2022,0,0.500, , , , , , 
17-nov-2022,0,12.200, , , , , , 
18-nov-2022,0,2.200, , , , , , 
19-nov-2022,0,13.500, , , , , , 
20-nov-2022,0,26.100, , , , , , 
21-nov-2022,0,8.900, , , , , , 
22-nov-2022,0,16.600, , , , , , 
23-nov-2022,0,32.700, , , , , , 
24-nov-2022,0,18.400, , , , , , 
25-nov-2022,0,31.100, , , , , , 
26-nov-2022,0,15.000, , , , , , 
27-nov-2022,0,16.500, , , , , , 
28-nov-2022,0,1.500, , , , , , 
29-nov-2022,0,5.700, , , , , , 
30-nov-2022,0,2.800, , , , , , 
01-dec-2022,0,0.200, , , , , , 
02-dec-2022,0,0.000, , , , , , 
03-dec-2022,0,1.200, , , , , , 
04-dec-2022,0,0.600, , , , , , 
05-dec-2022,0,0.000, , , , , , 
06-dec-2022,0,0.000, , , , , , 
07-dec-2022,0,0.000, , , , , , 
08-dec-2022,0,0.800, , , , , , 
09-dec-2022,0,3.000, , , , , , 
10-dec-2022,0,0.200, , , , , , 
11-dec-2022,0,2.700, , , , , , 
12-dec-2022,0,0.400, , , , , , 
13-dec-2022,0,0.000, , , , , , 
14-dec-2022,0,0.000, , , , , , 
15-dec-2022,0,0.500, , , , , , 
16-dec-2022,0,6.700, , , , , , 
17-dec-2022,0,7.000, , , , , , 
18-dec-2022,0,58.200, , , , , , 
19-dec-2022,0,8.300, , , , , , 
20-dec-2022,0,13.800, , , , , , 
21-dec-2022,0,1.400, , , , , , 
22-dec-2022,0,7.100, , , , , , 
23-dec-2022,0,10.800, , , , , , 
24-dec-2022,0,35.700, , , , , , 
25-dec-2022,0,8.400, , , , , , 
26-dec-2022,0,14.200, , , , , , 
27-dec-2022,0,7.300, , , , , , 
28-dec-2022,0,19.900, , , , , , 
29-dec-2022,0,36.700, , , , , , 
30-dec-2022,0,13.900, , , , , , 
31-dec-2022,0,0.300, , , , , , 
01-jan-2023,0,2.900, , , , , , 
02-jan-2023,0,11.600, , , , , , 
03-jan-2023,0,15.200, , , , , , 
04-jan-2023,0,7.400, , , , , , 
05-jan-2023,0,11.500, , , , , , 
06-jan-2023,0,16.900, , , , , , 
07-jan-2023,0,11.700, , , , , , 
08-jan-2023,0,13.500, , , , , , 
09-jan-2023,0,29.600, , , , , , 
10-jan-2023,0,27.100, , , , , , 
11-jan-2023,0,21.600, , , , , , 
12-jan-2023,0,12.900, , , , , , 
13-jan-2023,0,29.600, , , , , , 
14-jan-2023,0,16.000, , , , , , 
15-jan-2023,0,6.100, , , , , , 
16-jan-2023,0,0.000, , , , , , 
17-jan-2023,0,6.600, , , , , , 
18-jan-2023,0,3.200, , , , , , 
19-jan-2023,1,3.100, , , , , , 
20-jan-2023,0,3.400, , , , , , 
21-jan-2023,0,19.900, , , , , , 
22-jan-2023,0,0.400, , , , , , 
23-jan-2023,0,0.200, , , , , , 
24-jan-2023,0,0.200, , , , , , 
25-jan-2023,0,0.000, , , , , , 
26-jan-2023,0,0.000, , , , , , 
27-jan-2023,0,6.800, , , , , , 
28-jan-2023,0,0.900, , , , , , 
29-jan-2023,0,2.600, , , , , , 
30-jan-2023,0,4.000, , , , , , 
31-jan-2023,0,3.900, , , , , , 
01-feb-2023,0,2.200, , , , , , 
02-feb-2023,0,4.500, , , , , , 
03-feb-2023,0,1.700, , , , , , 
04-feb-2023,0,4.000, , , , , , 
05-feb-2023,0,1.100, , , , , , 
06-feb-2023,0,6.400, , , , , , 
07-feb-2023,0,0.700, , , , , , 
08-feb-2023,0,6.300, , , , , , 
09-feb-2023,0,1.100, , , , , , 
10-feb-2023,0,1.000, , , , , , 
11-feb-2023,0,0.000, , , , , , 
12-feb-2023,0,0.000, , , , , , 
13-feb-2023,0,2.400, , , , , , 
14-feb-2023,0,16.700, , , , , , 
15-feb-2023,0,7.900, , , , , , 
16-feb-2023,0,6.000, , , , , , 
17-feb-2023,0,10.700, , , , , , 
18-feb-2023,0,1.200, , , , , , 
19-feb-2023,0,1.700, , , , , , 
20-feb-2023,0,3.700, , , , , , 
21-feb-2023,0,32.600, , , , , , 
22-feb-2023,0,9.500, , , , , , 
23-feb-2023,0,0.900, , , , , , 
24-feb-2023,0,0.000, , , , , , 
25-feb-2023,0,0.000, , , , , , 
26-feb-2023,0,0.000, , , , , , 
27-feb-2023,0,0.000, , , , , , 
28-feb-2023,0,0.000, , , , , , 
01-mar-2023,0,0.000, , , , , , 
02-mar-2023,0,0.400, , , , , , 
03-mar-2023,0,0.000, , , , , , 
04-mar-2023,0,0.000, , , , , , 
05-mar-2023,0,3.000, , , , , , 
06-mar-2023,0,0.300, , , , , , 
07-mar-2023,0,3.900, , , , , , 
08-mar-2023,0,0.000, , , , , , 
09-mar-2023,0,23.000, , , , , , 
10-mar-2023,0,7.000, , , , , , 
11-mar-2023,0,14.800, , , , , , 
12-mar-2023,0,42.000, , , , , , 
13-mar-2023,0,9.100, , , , , , 
14-mar-2023,0,3.300, , , , , , 
15-mar-2023,0,39.100, , , , , , 
16-mar-2023,0,4.600, , , , , , 
17-mar-2023,0,11.800, , , , , , 
18-mar-2023,0,0.000, , , , , , 
19-mar-2023,0,37.400, , , , , , 
20-mar-2023,0,21.900, , , , , , 
21-mar-2023,0,42.200, , , , , , 
22-mar-2023,0,6.600, , , , , , 
23-mar-2023,0,22.000, , , , , , 
24-mar-2023,0,9.100, , , , , , 
25-mar-2023,0,0.600, , , , , , 
26-mar-2023,0,0.300, , , , , , 
27-mar-2023,0,7.100, , , , , , 
28-mar-2023,0,15.300, , , , , , 
29-mar-2023,0,2.500, , , , , , 
30-mar-2023,0,16.500, , , , , , 
31-mar-2023,0,4.500, , , , , , 
01-apr-2023,0,0.200, , , , , , 
02-apr-2023,0,0.000, , , , , , 
03-apr-2023,0,0.700, , , , , , 
04-apr-2023,0,27.700, , , , , , 
05-apr-2023,0,4.600, , , , , , 
06-apr-2023,0,0.000, , , , , , 
07-apr-2023,0,0.000, , , , , , 
08-apr-2023,0,5.100, , , , , , 
09-apr-2023,0,14.700, , , , , , 
10-apr-2023,0,10.300, , , , , , 
11-apr-2023,0,20.700, , , , , , 
12-apr-2023,0,4.600, , , , , , 
13-apr-2023,0,0.000, , , , , , 
14-apr-2023,0,0.000, , , , , , 
15-apr-2023,0,24.500, , , , , , 
16-apr-2023,0,0.200, , , , , , 
17-apr-2023,0,0.100, , , , , , 
18-apr-2023,0,0.000, , , , , , 
19-apr-2023,0,0.000, , , , , , 
20-apr-2023,0,0.000, , , , , , 
21-apr-2023,0,1.100, , , , , , 
22-apr-2023,0,1.300, , , , , , 
23-apr-2023,0,19.000, , , , , , 
24-apr-2023,0,0.100, , , , , , 
25-apr-2023,0,0.000, , , , , , 
26-apr-2023,0,0.600, , , , , , 
27-apr-2023,0,14.500, , , , , , 
28-apr-2023,0,1.600, , , , , , 
29-apr-2023,0,11.500, , , , , , 
30-apr-2023,0,4.400, , , , , , 
01-may-2023,0,0.100, , , , , , 
02-may-2023,0,0.100, , , , , , 
03-may-2023,0,0.000, , , , , , 
04-may-2023,0,7.100, , , , , , 
05-may-2023,0,1.800, , , , , , 
06-may-2023,0,1.500, , , , , , 
07-may-2023,0,25.800, , , , , , 
08-may-2023,0,3.100, , , , , , 
09-may-2023,0,36.500, , , , , , 
10-may-2023,0,10.400, , , , , , 
11-may-2023,0,1.200, , , , , , 
12-may-2023,0,0.000, , , , , , 
13-may-2023,0,9.900, , , , , , 
14-may-2023,0,2.200, , , , , , 
15-may-2023,0,0.000, , , , , , 
16-may-2023,0,0.000, , , , , , 
17-may-2023,0,0.000, , , , , , 
18-may-2023,0,7.600, , , , , , 
19-may-2023,0,0.000, , , , , , 
20-may-2023,0,1.000, , , , , , 
21-may-2023,0,0.000, , , , , , 
22-may-2023,0,0.000, , , , , , 
23-may-2023,0,0.000, , , , , , 
24-may-2023,0,0.000, , , , , , 
25-may-2023,0,0.000, , , , , , 
26-may-2023,0,0.000, , , , , , 
27-may-2023,0,0.000, , , , , , 
28-may-2023,0,0.000, , , , , , 
29-may-2023,0,0.000, , , , , , 
30-may-2023,0,0.000, , , , , , 
31-may-2023,0,0.000, , , , , , 
01-jun-2023,0,0.000, , , , , , 
02-jun-2023,0,0.000, , , , , , 
03-jun-2023,0,0.000, , , , , , 
04-jun-2023,0,0.000, , , , , , 
05-jun-2023,0,0.000, , , , , , 
06-jun-2023,0,0.000, , , , , , 
07-jun-2023,0,0.000, , , , , , 
08-jun-2023,0,0.000, , , , , , 
09-jun-2023,0,0.600, , , , , , 
10-jun-2023,0,2.100, , , , , , 
11-jun-2023,0,0.200, , , , , , 
12-jun-2023,0,0.100, , , , , , 
13-jun-2023,0,0.300, , , , , , 
14-jun-2023,0,0.900, , , , , , 
15-jun-2023,0,0.800, , , , , , 
16-jun-2023,0,7.500, , , , , , 
17-jun-2023,0,28.700, , , , , , 
18-jun-2023,0,18.000, , , , , , 
19-jun-2023,0,4.400, , , , , , 
20-jun-2023,0,10.900, , , , , , 
21-jun-2023,0,0.000, , , , , , 
22-jun-2023,0,2.000, , , , , , 
23-jun-2023,0,27.000, , , , , , 
24-jun-2023,0,21.700, , , , , , 
25-jun-2023,0,6.800, , , , , , 
26-jun-2023,0,8.600, , , , , , 
27-jun-2023,0,13.500, , , , , , 
28-jun-2023,0,0.200, , , , , , 
29-jun-2023,0,17.100, , , , , , 
30-jun-2023,0,13.000, , , , , , 
01-jul-2023,0,0.800, , , , , , 
02-jul-2023,0,23.300, , , , , , 
03-jul-2023,0,10.000, , , , , , 
04-jul-2023,0,4.300, , , , , , 
05-jul-2023,0,9.500, , , , , , 
06-jul-2023,0,40.200, , , , , , 
07-jul-2023,0,4.300, , , , , , 
08-jul-2023,0,2.000, , , , , , 
09-jul-2023,0,2.700, , , , , , 
10-jul-2023,0,0.500, , , , , , 
11-jul-2023,0,13.100, , , , , , 
12-jul-2023,0,0.500, , , , , , 
13-jul-2023,0,6.500, , , , , , 
14-jul-2023,0,62.100, , , , , , 
15-jul-2023,0,11.700, , , , , , 
16-jul-2023,0,3.900, , , , , , 
17-jul-2023,0,4.700, , , , , , 
18-jul-2023,0,0.300, , , , , , 
19-jul-2023,0,0.000, , , , , , 
20-jul-2023,0,3.200, , , , , , 
21-jul-2023,0,29.100, , , , , , 
22-jul-2023,0,5.900, , , , , , 
23-jul-2023,0,0.000, , , , , , 
24-jul-2023,0,0.100, , , , , , 
25-jul-2023,0,2.200, , , , , , 
26-jul-2023,0,25.300, , , , , , 
27-jul-2023,0,0.700, , , , , , 
28-jul-2023,0,17.500, , , , , , 
29-jul-2023,0,8.900, , , , , , 
30-jul-2023,0,31.800, , , , , , 
31-jul-2023,0,8.300, , , , , , 
01-aug-2023,0,6.100, , , , , , 
02-aug-2023,0,6.900, , , , , , 
03-aug-2023,0,0.100, , , , , , 
04-aug-2023,0,23.300, , , , , , 
05-aug-2023,0,6.500, , , , , , 
06-aug-2023,0,1.700, , , , , , 
07-aug-2023,0,2.400, , , , , , 
08-aug-2023,0,3.900, , , , , , 
09-aug-2023,0,0.000, , , , , , 
10-aug-2023,0,18.200, , , , , , 
11-aug-2023,0,47.300, , , , , , 
12-aug-2023,0,8.200, , , , , , 
13-aug-2023,0,1.200, , , , , , 
14-aug-2023,0,1.300, , , , , , 
15-aug-2023,0,0.000, , , , , , 
16-aug-2023,0,0.000, , , , , , 
17-aug-2023,0,2.500, , , , , , 
18-aug-2023,0,44.700, , , , , , 
19-aug-2023,0,9.500, , , , , , 
20-aug-2023,0,3.300, , , , , , 
21-aug-2023,0,13.900, , , , , , 
22-aug-2023,0,0.900, , , , , , 
23-aug-2023,0,1.300, , , , , , 
24-aug-2023,0,5.700, , , , , , 
25-aug-2023,0,14.000, , , , , , 
26-aug-2023,0,8.200, , , , , , 
27-aug-2023,0,1.200, , , , , , 
28-aug-2023,0,1.500, , , , , , 
29-aug-2023,0,2.700, , , , , , 
30-aug-2023,0,11.500, , , , , , 
31-aug-2023,0,4.000, , , , , , 
01-sep-2023,0,0.000, , , , , , 
02-sep-2023,0,0.000, , , , , , 
03-sep-2023,0,0.000, , , , , , 
04-sep-2023,0,0.000, , , , , , 
05-sep-2023,0,0.000, , , , , , 
06-sep-2023,0,0.000, , , , , , 
07-sep-2023,0,0.000, , , , , , 
08-sep-2023,0,6.400, , , , , , 
09-sep-2023,0,0.000, , , , , , 
10-sep-2023,0,3.400, , , , , , 
11-sep-2023,0,0.400, , , , , , 
12-sep-2023,0,0.200, , , , , , 
13-sep-2023,0,17.600, , , , , , 
14-sep-2023,0,0.000, , , , , , 
15-sep-2023,0,2.200, , , , , , 
16-sep-2023,0,0.100, , , , , , 
17-sep-2023,0,4.400, , , , , , 
18-sep-2023,0,22.700, , , , , , 
19-sep-2023,0,30.800, , , , , , 
20-sep-2023,0,6.500, , , , , , 
21-sep-2023,0,6.200, , , , , , 
22-sep-2023,0,0.100, , , , , , 
23-sep-2023,0,33.900, , , , , , 
24-sep-2023,0,54.300, , , , , , 
25-sep-2023,0,25.600, , , , , , 
26-sep-2023,0,9.800, , , , , , 
27-sep-2023,0,21.000, , , , , , 
28-sep-2023,0,16.000, , , , , , 
29-sep-2023,0,2.800, , , , , , 
30-sep-2023,0,7.400, , , , , , 
01-oct-2023,0,0.300, , , , , , 
02-oct-2023,0,7.700, , , , , , 
03-oct-2023,0,1.700, , , , , , 
04-oct-2023,0,33.800, , , , , , 
05-oct-2023,0,17.100, , , , , , 
06-oct-2023,0,8.800, , , , , , 
07-oct-2023,0,0.000, , , , , , 
08-oct-2023,4,0.000, , , , , , 
09-oct-2023,0,0.100, , , , , , 
10-oct-2023,0,10.500, , , , , , 
11-oct-2023,0,0.200, , , , , , 
12-oct-2023,0,0.900, , , , , , 
13-oct-2023,1,6.700, , , , , , 
14-oct-2023,0,1.700, , , , , , 
15-oct-2023,0,0.200, , , , , , 
16-oct-2023,0,0.300, , , , , , 
17-oct-2023,0,19.200, , , , , , 
18-oct-2023,0,25.500, , , , , , 
19-oct-2023,0,15.500, , , , , , 
20-oct-2023,0,7.600, , , , , , 
21-oct-2023,0,0.100, , , , , , 
22-oct-2023,0,7.400, , , , , , 
23-oct-2023,0,2.600, , , , , , 
24-oct-2023,0,1.300, , , , , , 
25-oct-2023,0,43.900, , , , , , 
26-oct-2023,0,24.500, , , , , , 
27-oct-2023,0,6.100, , , , , , 
28-oct-2023,0,4.600, , , , , , 
29-oct-2023,0,0.500, , , , , , 
30-oct-2023,0,8.900, , , , , , 
31-oct-2023,0,20.600, , , , , , 
01-nov-2023,0,17.700, , , , , , 
02-nov-2023,0,9.500, , , , , , 
03-nov-2023,0,2.400, , , , , , 
04-nov-2023,0,11.400, , , , , , 
05-nov-2023,0,27.400, , , , , , 
06-nov-2023,0,17.800, , , , , , 
07-nov-2023,0,12.200, , , , , , 
08-nov-2023,0,11.200, , , , , , 
09-nov-2023,0,22.700, , , , , , 
10-nov-2023,0,0.500, , , , , , 
11-nov-2023,0,12.500, , , , , , 
12-nov-2023,0,57.700, , , , , , 
13-nov-2023,0,4.400, , , , , , 
14-nov-2023,0,4.500, , , , , , 
15-nov-2023,0,1.200, , , , , , 
16-nov-2023,0,8.200, , , , , , 
17-nov-2023,0,17.900, , , , , , 
18-nov-2023,0,25.800, , , , , , 
19-nov-2023,0,13.500, , , , , , 
20-nov-2023,0,5.700, , , , , , 
21-nov-2023,0,4.000, , , , , , 
22-nov-2023,0,4.600, , , , , , 
23-nov-2023,0,0.200, , , , , , 
24-nov-2023,0,0.000, , , , , , 
25-nov-2023,0,1.900, , , , , , 
26-nov-2023,0,17.500, , , , , , 
27-nov-2023,0,2.000, , , , , , 
28-nov-2023,0,0.200, , , , , , 
29-nov-2023,0,0.100, , , , , , 
30-nov-2023,0,1.100, , , , , , 
01-dec-2023,0,5.300, , , , , , 
02-dec-2023,0,1.100, , , , , , 
03-dec-2023,0,0.200, , , , , , 
04-dec-2023,0,0.500, , , , , , 
05-dec-2023,0,5.600, , , , , , 
06-dec-2023,0,43.100, , , , , , 
07-dec-2023,0,33.500, , , , , , 
08-dec-2023,0,21.200, , , , , , 
09-dec-2023,0,11.900, , , , , , 
10-dec-2023,0,23.300, , , , , , 
11-dec-2023,0,34.100, , , , , , 
12-dec-2023,0,6.100, , , , , , 
13-dec-2023,0,7.000, , , , , , 
14-dec-2023,1,0.300, , , , , , 
15-dec-2023,0,5.600, , , , , , 
16-dec-2023,0,30.500, , , , , , 
17-dec-2023,0,29.300, , , , , , 
18-dec-2023,0,8.600, , , , , , 
19-dec-2023,0,8.200, , , , , , 
20-dec-2023,0,16.500, , , , , , 
21-dec-2023,0,12.300, , , , , , 
22-dec-2023,0,13.000, , , , , , 
23-dec-2023,0,27.500, , , , , , 
24-dec-2023,0,5.700, , , , , , 
25-dec-2023,0,2.500, , , , , , 
26-dec-2023,0,29.300, , , , , , 
27-dec-2023,0,24.300, , , , , , 
28-dec-2023,0,6.700, , , , , , 
29-dec-2023,0,33.400, , , , , , 
30-dec-2023,0,22.500, , , , , , 
31-dec-2023,0,14.900, , , , , , 
01-jan-2024,0,9.500, , , , , , 
02-jan-2024,0,13.100, , , , , , 
03-jan-2024,0,10.000, , , , , , 
04-jan-2024,0,7.500, , , , , , 
05-jan-2024,0,6.400, , , , , , 
06-jan-2024,0,0.100, , , , , , 
07-jan-2024,0,0.000, , , , , , 
08-jan-2024,0,0.100, , , , , , 
09-jan-2024,0,0.000, , , , , , 
10-jan-2024,0,0.000, , , , , , 
11-jan-2024,0,0.000, , , , , , 
12-jan-2024,0,0.000, , , , , , 
13-jan-2024,0,0.700, , , , , , 
14-jan-2024,0,2.400, , , , , , 
15-jan-2024,0,0.200, , , , , , 
16-jan-2024,0,6.700, , , , , , 
17-jan-2024,0,1.600, , , , , , 
18-jan-2024,0,0.900, , , , , , 
19-jan-2024,0,27.400, , , , , , 
20-jan-2024,0,26.700, , , , , , 
21-jan-2024,0,25.800, , , , , , 
22-jan-2024,0,27.800, , , , , , 
23-jan-2024,0,6.300, , , , , , 
24-jan-2024,0,16.800, , , , , , 
25-jan-2024,0,13.900, , , , , , 
26-jan-2024,0,0.900, , , , , , 
27-jan-2024,0,10.000, , , , , , 
28-jan-2024,0,1.700, , , , , , 
29-jan-2024,0,0.800, , , , , , 
30-jan-2024,0,0.400, , , , , , 
31-jan-2024,0,17.000, , , , , , 
01-feb-2024,0,1.100, , , , , , 
02-feb-2024,0,7.100, , , , , , 
03-feb-2024,0,0.800, , , , , , 
04-feb-2024,0,0.800, , , , , , 
05-feb-2024,0,22.400, , , , , , 
06-feb-2024,0,1.300, , , , , , 
07-feb-2024,0,18.800, , , , , , 
08-feb-2024,0,4.700, , , , , , 
09-feb-2024,0,0.700, , , , , , 
10-feb-2024,0,6.600, , , , , , 
11-feb-2024,0,5.900, , , , , , 
12-feb-2024,0,5.300, , , , , , 
13-feb-2024,0,12.100, , , , , , 
14-feb-2024,0,14.200, , , , , , 
15-feb-2024,0,12.100, , , , , , 
16-feb-2024,0,4.400, , , , , , 
17-feb-2024,0,10.800, , , , , , 
18-feb-2024,0,6.500, , , , , , 
19-feb-2024,0,11.400, , , , , , 
20-feb-2024,0,9.600, , , , , , 
21-feb-2024,0,12.200, , , , , , 
22-feb-2024,0,17.100, , , , , , 
23-feb-2024,0,17.400, , , , , , 
24-feb-2024,0,0.200, , , , , , 
25-feb-2024,0,0.100, , , , , , 
26-feb-2024,0,6.200, , , , , , 
27-feb-2024,0,10.600, , , , , , 
28-feb-2024,0,14.000, , , , , , 
29-feb-2024,0,11.800, , , , , , 
01-mar-2024,0,18.100, , , , , , 
02-mar-2024,0,14.300, , , , , , 
03-mar-2024,0,1.200, , , , , , 
04-mar-2024,0,15.900, , , , , , 
05-mar-2024,0,0.300, , , , , , 
06-mar-2024,0,1.500, , , , , , 
07-mar-2024,0,0.000, , , , , , 
08-mar-2024,0,0.000, , , , , , 
09-mar-2024,0,0.200, , , , , , 
10-mar-2024,0,0.100, , , , , , 
11-mar-2024,0,13.300, , , , , , 
12-mar-2024,0,41.900, , , , , , 
13-mar-2024,0,1.900, , , , , , 
14-mar-2024,0,10.200, , , , , , 
15-mar-2024,0,1.200, , , , , , 
16-mar-2024,0,16.700, , , , , , 
17-mar-2024,0,9.200, , , , , , 
18-mar-2024,0,31.500, , , , , , 
19-mar-2024,0,0.700, , , , , , 
20-mar-2024,0,2.400, , , , , , 
21-mar-2024,0,3.300, , , , , , 
22-mar-2024,0,13.400, , , , , , 
23-mar-2024,0,2.100, , , , , , 
24-mar-2024,0,26.300, , , , , , 
25-mar-2024,0,3.500, , , , , , 
26-mar-2024,0,14.500, , , , , , 
27-mar-2024,0,3.100, , , , , , 
28-mar-2024,0,0.000, , , , , , 
29-mar-2024,4,0.000, , , , , , 
30-mar-2024,0,5.800, , , , , , 
31-mar-2024,0,4.000, , , , , , 
01-apr-2024,0,0.000, , , , , , 
02-apr-2024,0,2.500, , , , , , 
03-apr-2024,0,1.300, , , , , , 
04-apr-2024,1,24.000, , , , , , 
05-apr-2024,0,31.100, , , , , , 
06-apr-2024,0,5.400, , , , , , 
07-apr-2024,0,2.900, , , , , , 
08-apr-2024,0,3.000, , , , , , 
09-apr-2024,0,16.000, , , , , , 
10-apr-2024,0,8.700, , , , , , 
11-apr-2024,0,39.500, , , , , , 
12-apr-2024,0,6.700, , , , , , 
13-apr-2024,0,1.500, , , , , , 
14-apr-2024,0,26.400, , , , , , 
15-apr-2024,0,1.700, , , , , , 
16-apr-2024,0,0.700, , , , , , 
17-apr-2024,0,0.900, , , , , , 
18-apr-2024,0,1.000, , , , , , 
19-apr-2024,0,0.500, , , , , , 
20-apr-2024,0,0.000, , , , , , 
21-apr-2024,0,0.000, , , , , , 
22-apr-2024,0,0.000, , , , , , 
23-apr-2024,0,0.000, , , , , , 
24-apr-2024,0,0.100, , , , , , 
25-apr-2024,0,0.600, , , , , , 
26-apr-2024,0,0.000, , , , , , 
27-apr-2024,0,0.000, , , , , , 
28-apr-2024,0,14.500, , , , , , 
29-apr-2024,0,4.700, , , , , , 
30-apr-2024,0,19.100, , , , , , 
01-may-2024,0,2.100, , , , , , 
02-may-2024,0,0.900, , , , , , 
03-may-2024,0,0.200, , , , , , 
04-may-2024,0,0.100, , , , , , 
05-may-2024,0,1.300, , , , , , 
06-may-2024,0,0.000, , , , , , 
07-may-2024,0,0.200, , , , , , 
08-may-2024,4,0.000, , , , , , 
09-may-2024,0,0.000, , , , , , 
10-may-2024,0,0.000, , , , , , 
11-may-2024,0,0.600, , , , , , 
12-may-2024,0,5.500, , , , , , 
13-may-2024,0,9.900, , , , , , 
14-may-2024,0,5.600, , , , , , 
15-may-2024,0,0.400, , , , , , 
16-may-2024,0,0.200, , , , , , 
17-may-2024,0,0.000, , , , , , 
18-may-2024,0,0.000, , , , , , 
19-may-2024,0,0.000, , , , , , 
20-may-2024,0,0.000, , , , , , 
21-may-2024,0,0.000, , , , , , 
22-may-2024,0,2.100, , , , , , 
23-may-2024,0,0.000, , , , , , 
24-may-2024,0,0.000, , , , , , 
25-may-2024,0,13.200, , , , , , 
26-may-2024,0,3.000, , , , , , 
27-may-2024,0,8.400, , , , , , 
28-may-2024,0,5.300, , , , , , 
29-may-2024,0,4.600, , , , , , 
30-may-2024,0,0.500, , , , , , 
31-may-2024,0,0.000, , , , , , 
01-jun-2024,0,0.000, , , , , , 
02-jun-2024,0,0.100, , , , , , 
03-jun-2024,0,7.700, , , , , , 
04-jun-2024,0,0.500, , , , , , 
05-jun-2024,0,2.300, , , , , , 
06-jun-2024,0,2.600, , , , , , 
07-jun-2024,0,2.800, , , , , , 
08-jun-2024,0,0.300, , , , , , 
09-jun-2024,0,14.400, , , , , , 
10-jun-2024,0,0.100, , , , , , 
11-jun-2024,0,0.000, , , , , , 
12-jun-2024,0,14.500, , , , , , 
13-jun-2024,0,15.600, , , , , , 
14-jun-2024,0,9.900, , , , , , 
15-jun-2024,0,0.600, , , , , , 
16-jun-2024,0,0.000, , , , , , 
17-jun-2024,0,0.500, , , , , , 
18-jun-2024,0,0.000, , , , , , 
19-jun-2024,0,0.400, , , , , , 
20-jun-2024,0,32.200, , , , , , 
21-jun-2024,0,19.700, , , , , , 
22-jun-2024,0,1.000, , , , , , 
23-jun-2024,0,3.200, , , , , , 
24-jun-2024,0,2.300, , , , , , 
25-jun-2024,0,0.000, , , , , , 
26-jun-2024,0,11.400, , , , , , 
27-jun-2024,0,10.700, , , , , , 
28-jun-2024,0,4.900, , , , , , 
29-jun-2024,0,0.000, , , , , , 
30-jun-2024,1,5.000, , , , , , 
01-jul-2024,0,0.800, , , , , , 
02-jul-2024,0,4.700, , , , , , 
03-jul-2024,0,5.800, , , , , , 
04-jul-2024,0,0.000, , , , , , 
05-jul-2024,0,6.000, , , , , , 
06-jul-2024,0,1.700, , , , , , 
07-jul-2024,0,0.000, , , , , , 
08-jul-2024,0,0.000, , , , , , 
09-jul-2024,0,0.100, , , , , , 
10-jul-2024,0,0.000, , , , , , 
11-jul-2024,0,0.300, , , , , , 
12-jul-2024,0,0.000, , , , , , 
13-jul-2024,0,0.100, , , , , , 
14-jul-2024,0,2.900, , , , , , 
15-jul-2024,0,0.000, , , , , , 
16-jul-2024,0,0.400, , , , , , 
17-jul-2024,0,11.000, , , , , , 
18-jul-2024,0,0.000, , , , , , 
19-jul-2024,0,19.600, , , , , , 
20-jul-2024,0,0.500, , , , , , 
21-jul-2024,0,6.100, , , , , , 
22-jul-2024,0,4.400, , , , , , 
23-jul-2024,0,1.100, , , , , , 
24-jul-2024,0,1.200, , , , , , 
25-jul-2024,0,4.200, , , , , , 
26-jul-2024,0,10.400, , , , , , 
27-jul-2024,0,0.200, , , , , , 
28-jul-2024,0,0.500, , , , , , 
29-jul-2024,0,5.800, , , , , , 
30-jul-2024,0,0.000, , , , , , 
31-jul-2024,0,1.000, , , , , , 
01-aug-2024,0,10.000, , , , , , 
02-aug-2024,0,8.900, , , , , , 
03-aug-2024,0,6.200, , , , , , 
04-aug-2024,0,70.600, , , , , , 
05-aug-2024,0,2.100, , , , , , 
06-aug-2024,0,9.500, , , , , , 
07-aug-2024,0,3.100, , , , , , 
08-aug-2024,0,15.200, , , , , , 
09-aug-2024,0,0.200, , , , , , 
10-aug-2024,0,0.000, , , , , , 
11-aug-2024,0,32.900, , , , , , 
12-aug-2024,0,12.400, , , , , , 
13-aug-2024,0,0.300, , , , , , 
14-aug-2024,0,35.200, , , , , , 
15-aug-2024,0,0.100, , , , , , 
16-aug-2024,0,1.500, , , , , , 
17-aug-2024,0,0.100, , , , , , 
18-aug-2024,0,8.600, , , , , , 
19-aug-2024,0,18.000, , , , , , 
20-aug-2024,0,6.100, , , , , , 
21-aug-2024,0,31.000, , , , , , 
22-aug-2024,0,26.300, , , , , , 
23-aug-2024,0,6.200, , , , , , 
24-aug-2024,0,15.500, , , , , , 
25-aug-2024,0,8.800, , , , , , 
26-aug-2024,0,49.000, , , , , , 
27-aug-2024,0,7.600, , , , , , 
28-aug-2024,0,6.700, , , , , , 
29-aug-2024,0,0.800, , , , , , 
30-aug-2024,0,0.000, , , , , , 
31-aug-2024,0,0.000, , , , , , 
01-sep-2024,0,5.500, , , , , , 
02-sep-2024,0,5.200, , , , , , 
03-sep-2024,0,1.400, , , , , , 
04-sep-2024,0,1.600, , , , , , 
05-sep-2024,0,0.000, , , , , , 
06-sep-2024,0,0.000, , , , , , 
07-sep-2024,0,0.000, , , , , , 
08-sep-2024,0,0.200, , , , , , 
09-sep-2024,0,7.300, , , , , , 
10-sep-2024,0,1.900, , , , , , 
11-sep-2024,0,2.500, , , , , , 
12-sep-2024,0,2.100, , , , , , 
13-sep-2024,0,22.400, , , , , , 
14-sep-2024,0,19.300, , , , , , 
15-sep-2024,0,0.000, , , , , , 
16-sep-2024,0,0.000, , , , , , 
17-sep-2024,0,0.000, , , , , , 
18-sep-2024,0,0.000, , , , , , 
19-sep-2024,0,0.000, , , , , , 
20-sep-2024,0,0.000, , , , , , 
21-sep-2024,0,2.400, , , , , , 
22-sep-2024,0,0.000, , , , , , 
23-sep-2024,0,2.700, , , , , , 
24-sep-2024,0,0.700, , , , , , 
25-sep-2024,0,3.400, , , , , , 
26-sep-2024,0,14.500, , , , , , 
27-sep-2024,0,1.200, , , , , , 
28-sep-2024,0,7.500, , , , , , 
29-sep-2024,0,3.500, , , , , , 
30-sep-2024,0,0.300, , , , , , 
01-oct-2024,0,0.000, , , , , , 
02-oct-2024,0,0.000, , , , , , 
03-oct-2024,0,12.200, , , , , , 
04-oct-2024,0,4.700, , , , , , 
05-oct-2024,0,4.800, , , , , , 
06-oct-2024,0,1.800, , , , , , 
07-oct-2024,0,7.400, , , , , , 
08-oct-2024,0,4.600, , , , , , 
09-oct-2024,0,5.600, , , , , , 
10-oct-2024,0,3.400, , , , , , 
11-oct-2024,0,7.100, , , , , , 
12-oct-2024,0,0.200, , , , , , 
13-oct-2024,0,0.000, , , , , , 
14-oct-2024,0,0.000, , , , , , 
15-oct-2024,0,24.500, , , , , , 
16-oct-2024,0,7.200, , , , , , 
17-oct-2024,0,20.500, , , , , , 
18-oct-2024,0,20.300, , , , , , 
19-oct-2024,0,10.400, , , , , , 
20-oct-2024,0,14.400, , , , , , 
21-oct-2024,0,5.700, , , , , , 
22-oct-2024,0,0.400, , , , , , 
23-oct-2024,0,0.600, , , , , , 
24-oct-2024,0,58.700, , , , , , 
25-oct-2024,0,0.300, , , , , , 
26-oct-2024,0,12.600, , , , , , 
27-oct-2024,0,48.800, , , , , , 
28-oct-2024,0,1.900, , , , , , 
29-oct-2024,0,0.600, , , , , , 
30-oct-2024,0,0.300, , , , , , 
31-oct-2024,0,0.000, , , , , , 
01-nov-2024,0,0.000, , , , , , 
02-nov-2024,0,0.000, , , , , , 
03-nov-2024,0,0.000, , , , , , 
04-nov-2024,0,0.000, , , , , , 
05-nov-2024,0,0.800, , , , , , 
06-nov-2024,0,0.100, , , , , , 
07-nov-2024,0,0.000, , , , , , 
08-nov-2024,0,0.000, , , , , , 
09-nov-2024,0,2.900, , , , , , 
10-nov-2024,0,0.000, , , , , , 
11-nov-2024,0,0.000, , , , , , 
12-nov-2024,0,0.000, , , , , , 
13-nov-2024,0,0.000, , , , , , 
14-nov-2024,0,0.400, , , , , , 
15-nov-2024,0,8.700, , , , , , 
16-nov-2024,0,5.400, , , , , , 
17-nov-2024,0,10.400, , , , , , 
18-nov-2024,0,17.600, , , , , , 
19-nov-2024,0,0.700, , , , , , 
20-nov-2024,0,24.000, , , , , , 
21-nov-2024,0,12.100, , , , , , 
22-nov-2024,0,81.200, , , , , , 
23-nov-2024,0,16.900, , , , , , 
24-nov-2024,0,11.000, , , , , , 
25-nov-2024,0,4.400, , , , , , 
26-nov-2024,0,0.000, , , , , , 
27-nov-2024,0,0.000, , , , , , 
28-nov-2024,0,23.500, , , , , , 
29-nov-2024,0,29.100, , , , , , 
30-nov-2024,0,19.500, , , , , , 
01-dec-2024,0,7.700, , , , , , 
02-dec-2024,0,0.000, , , , , , 
03-dec-2024,0,8.200, , , , , , 
04-dec-2024,0,25.600, , , , , , 
05-dec-2024,0,11.000, , , , , , 
06-dec-2024,0,41.900, , , , , , 
07-dec-2024,0,1.700, , , , , , 
08-dec-2024,0,0.000, , , , , , 
09-dec-2024,0,0.000, , , , , , 
10-dec-2024,0,0.000, , , , , , 
11-dec-2024,0,0.000, , , , , , 
12-dec-2024,0,0.000, , , , , , 
13-dec-2024,0,0.400, , , , , , 
14-dec-2024,0,14.300, , , , , , 
15-dec-2024,0,3.000, , , , , , 
16-dec-2024,0,1.500, , , , , , 
17-dec-2024,0,27.500, , , , , , 
18-dec-2024,0,2.400, , , , , , 
19-dec-2024,0,7.500, , , , , , 
20-dec-2024,0,6.200, , , , , , 
21-dec-2024,0,11.600, , , , , , 
22-dec-2024,0,17.600, , , , , , 
23-dec-2024,0,12.200, , , , , , 
24-dec-2024,0,5.700, , , , , , 
25-dec-2024,0,12.100, , , , , , 
26-dec-2024,0,1.600, , , , , , 
27-dec-2024,0,7.500, , , , , , 
28-dec-2024,0,10.100, , , , , , 
29-dec-2024,0,4.000, , , , , , 
30-dec-2024,0,26.200, , , , , , 
31-dec-2024,0,11.200, , , , , , 
01-jan-2025,0,1.600, , , , , , 
02-jan-2025,0,0.700, , , , , , 
03-jan-2025,0,0.400, , , , , , 
04-jan-2025,0,4.300, , , , , , 
05-jan-2025,0,11.200, , , , , , 
06-jan-2025,0,14.200, , , , , , 
07-jan-2025,0,0.500, , , , , , 
08-jan-2025,0,1.500, , , , , , 
09-jan-2025,0,2.900, , , , , , 
10-jan-2025,0,10.100, , , , , , 
11-jan-2025,0,0.100, , , , , , 
12-jan-2025,0,15.600, , , , , , 
13-jan-2025,0,5.700, , , , , , 
14-jan-2025,0,0.900, , , , , , 
15-jan-2025,0,0.000, , , , , , 
16-jan-2025,0,3.900, , , , , , 
17-jan-2025,0,0.400, , , , , , 
18-jan-2025,0,0.100, , , , , , 
19-jan-2025,0,4.100, , , , , , 
20-jan-2025,0,2.400, , , , , , 
21-jan-2025,0,7.500, , , , , , 
22-jan-2025,0,16.000, , , , , , 
23-jan-2025,0,36.200, , , , , , 
24-jan-2025,0,5.400, , , , , , 
25-jan-2025,0,9.500, , , , , , 
26-jan-2025,0,43.100, , , , , , 
27-jan-2025,0,7.900, , , , , , 
28-jan-2025,0,7.100, , , , , , 
29-jan-2025,0,3.700, , , , , , 
30-jan-2025,0,7.000, , , , , , 
31-jan-2025,0,0.200, , , , , , 
01-feb-2025,0,38.100, , , , , , 
02-feb-2025,0,12.800, , , , , , 
03-feb-2025,0,60.400, , , , , , 
04-feb-2025,0,5.100, , , , , , 
05-feb-2025,0,0.900, , , , , , 
06-feb-2025,0,0.000, , , , , , 
07-feb-2025,0,0.000, , , , , , 
08-feb-2025,0,0.000, , , , , , 
09-feb-2025,0,0.000, , , , , , 
10-feb-2025,0,4.200, , , , , , 
11-feb-2025,0,4.100, , , , , , 
12-feb-2025,0,4.600, , , , , , 
13-feb-2025,0,8.500, , , , , , 
14-feb-2025,0,2.000, , , , , , 
15-feb-2025,0,0.900, , , , , , 
16-feb-2025,0,2.000, , , , , , 
17-feb-2025,0,16.400, , , , , , 
18-feb-2025,0,7.500, , , , , , 
19-feb-2025,0,35.100, , , , , , 
20-feb-2025,0,30.500, , , , , , 
21-feb-2025,0,4.600, , , , , , 
22-feb-2025,0,52.000, , , , , , 
23-feb-2025,0,9.100, , , , , , 
24-feb-2025,0,9.800, , , , , , 
25-feb-2025,0,18.000, , , , , , 
26-feb-2025,0,0.900, , , , , , 
27-feb-2025,0,1.000, , , , , , 
28-feb-2025,0,7.500, , , , , , 
01-mar-2025,0,0.000, , , , , , 
02-mar-2025,0,0.400, , , , , , 
03-mar-2025,0,0.000, , , , , , 
04-mar-2025,0,18.300, , , , , , 
05-mar-2025,0,28.100, , , , , , 
06-mar-2025,0,9.300, , , , , , 
07-mar-2025,0,0.800, , , , , , 
08-mar-2025,0,1.500, , , , , , 
09-mar-2025,0,0.000, , , , , , 
10-mar-2025,0,0.000, , , , , , 
11-mar-2025,0,0.500, , , , , , 
12-mar-2025,0,0.300, , , , , , 
13-mar-2025,0,2.500, , , , , , 
14-mar-2025,0,0.000, , , , , , 
15-mar-2025,0,0.000, , , , , , 
16-mar-2025,0,0.000, , , , , , 
17-mar-2025,0,0.000, , , , , , 
18-mar-2025,0,0.000, , , , , , 
19-mar-2025,0,0.000, , , , , , 
20-mar-2025,0,0.000, , , , , , 
21-mar-2025,0,38.700, , , , , , 
22-mar-2025,0,1.500, , , , , , 
23-mar-2025,0,0.100, , , , , , 
24-mar-2025,0,5.800, , , , , , 
25-mar-2025,0,0.300, , , , , , 
26-mar-2025,0,11.200, , , , , , 
27-mar-2025,0,13.500, , , , , , 
28-mar-2025,0,3.900, , , , , , 
29-mar-2025,0,4.700, , , , , , 
30-mar-2025,0,0.100, , , , , , 
31-mar-2025,0,0.000, , , , , , 
